"id","name","lat","lon","trip_starts","trip_start_members","trip_start_casuals","trip_ends","trip_end_members","trip_end_casuals","total_trip_activity"
"13022","Streeter Dr & Grand Ave",41.8922712695556,-87.6120535318703,80319,15869,64450,81802,14274,67528,162121
"LF-005","Lake Shore Dr & North Blvd",41.9117153643684,-87.6268085757766,46498,17814,28684,52764,19039,33725,99262
"13300","Lake Shore Dr & Monroe St",41.8809680927298,-87.6167439476836,44796,10040,34756,43236,10780,32456,88032
"13042","Michigan Ave & Oak St",41.9009717769551,-87.6237783486424,42770,14108,28662,43510,13145,30365,86280
"TA1308000050","Wells St & Concord Ln",41.9121145246071,-87.6346923050758,41642,22761,18881,42027,23408,18619,83669
"13008","Millennium Park",41.8810517568095,-87.6240845683733,40479,8294,32185,41760,8016,33744,82239
"TA1307000039","Clark St & Elm St",41.9029390611005,-87.6313383712191,39498,23900,15598,38934,23971,14963,78432
"TA1308000001","Theater on the Lake",41.9262753608407,-87.6308553857412,35801,15181,20620,36283,13976,22307,72084
"KA1504000135","Wells St & Elm St",41.9031871818999,-87.6343685240347,36054,20245,15809,35894,20799,15095,71948
"13179","Clark St & Lincoln Ave",41.9156983892342,-87.6346117332823,32015,15725,16290,32008,15464,16544,64023
"KA1503000043","Kingsbury St & Kinzie St",41.8891901563338,-87.6385010566646,32154,22670,9484,31777,22855,8922,63931
"TA1307000117","Wabash Ave & Grand Ave",41.8914510808863,-87.6267549436396,31264,15888,15376,31913,15338,16575,63177
"13146","Clark St & Armitage Ave",41.9182999809706,-87.6362917519684,31482,16083,15399,31047,15645,15402,62529
"13045","Dearborn St & Erie St",41.89401197511,-87.6293314006513,30590,18658,11932,31134,19317,11817,61724
"TA1306000012","Wells St & Huron St",41.8947471603292,-87.6343701499848,29843,18239,11604,29157,17902,11255,59000
"13137","Broadway & Barry Ave",41.9375920867925,-87.6441003338754,29036,16955,12081,29564,17538,12026,58600
"13016","St. Clair St & Erie St",41.8943261684469,-87.6228152825622,28614,18293,10321,29712,18120,11592,58326
"SL-005","Indiana Ave & Roosevelt Rd",41.8679065016729,-87.6230357337178,28343,12528,15815,28229,12423,15806,56572
"13193","Larrabee St & Webster Ave",41.9218171927644,-87.6441195868478,26747,14102,12645,27002,14455,12547,53749
"15544","Shedd Aquarium",41.8672299788372,-87.6153558681596,27381,4836,22545,26306,5147,21159,53687
"TA1307000134","Wilton Ave & Belmont Ave",41.940165110246,-87.6530270426233,26214,14197,12017,26163,14531,11632,52377
"TA1306000013","New St & Illinois St",41.8908280784038,-87.6186050493165,25985,11272,14713,26333,12408,13925,52318
"TA1307000120","Green St & Madison St",41.8818941954067,-87.648770085063,25637,15343,10294,26587,16287,10300,52224
"TA1308000049","Wells St & Evergreen Ave",41.9067147843892,-87.6348879568279,25478,12960,12518,25540,13089,12451,51018
"TA1305000003","Fairbanks Ct & Grand Ave",41.891865078079,-87.6205920623592,25275,12941,12334,25264,11867,13397,50539
"TA1305000011","Michigan Ave & Lake St",41.8859951360596,-87.624200701938,24783,10780,14003,24892,10956,13936,49675
"TA1309000019","Lakeview Ave & Fullerton Pkwy",41.9258576772547,-87.6389739914843,24271,12702,11569,24206,12448,11758,48477
"TA1305000014","Clark St & Wrightwood Ave",41.9295499366519,-87.6431321048134,24195,13728,10467,24192,13554,10638,48387
"13001","Michigan Ave & Washington St",41.8839747956858,-87.624626739703,24282,10604,13678,24089,10651,13438,48371
"13430","LaSalle St & Illinois St",41.8907708183069,-87.6316975805015,23980,11946,12034,24249,11725,12524,48229
"TA1306000003","Desplaines St & Kinzie St",41.88868775499,-87.6444345866183,24654,16111,8543,23029,14919,8110,47683
"TA1305000032","Clinton St & Madison St",41.8822040856948,-87.6410868714053,23756,16425,7331,23775,16779,6996,47531
"13061","Ashland Ave & Division St",41.9034333744566,-87.6677758804699,23660,13384,10276,23571,13467,10104,47231
"TA1307000151","Wells St & Hubbard St",41.8899364999017,-87.634281824468,23609,14512,9097,23581,14475,9106,47190
"TA1309000058","Lincoln Ave & Fullerton Ave",41.9257424112876,-87.6489905586073,23326,12898,10428,23619,13444,10175,46945
"TA1307000128","Dearborn Pkwy & Delaware Pl",41.898944579544,-87.629912509977,23179,13600,9579,23355,14024,9331,46534
"TA1307000142","Clark St & Drummond Pl",41.9312463444907,-87.6443207138685,22992,13009,9983,23254,13817,9437,46246
"TA1305000002","Wabash Ave & Roosevelt Rd",41.8672221742223,-87.62596282268,22444,13083,9361,22876,13581,9295,45320
"632","Clark St & Newport St",41.9445271250182,-87.6546936743312,21915,9833,12082,22191,10145,12046,44106
"TA1309000039","Lake Shore Dr & Diversey Pkwy",41.9325836749315,-87.6364264441327,21947,10985,10962,21920,10958,10962,43867
"TA1307000041","Lake Shore Dr & Wellington Ave",41.9366954208769,-87.6368360691988,21677,11652,10025,22042,11813,10229,43719
"TA1309000049","Lake Shore Dr & Belmont Ave",41.9407669634338,-87.6391906408239,21553,10476,11077,21906,10572,11334,43459
"TA1309000024","Clark St & Schiller St",41.9079887351428,-87.631514300132,21980,13055,8925,21443,12793,8650,43423
"TA1309000025","Halsted St & Roscoe St",41.9436761681564,-87.6489450227467,21473,11468,10005,21859,11757,10102,43332
"13263","Columbus Dr & Randolph St",41.8846653572906,-87.6195532537389,22928,12766,10162,19485,10807,8678,42413
"TA1307000126","Sheffield Ave & Waveland Ave",41.9493556748362,-87.6545142197257,19097,9021,10076,23176,10061,13115,42273
"TA1306000029","Lake Shore Dr & Ohio St",41.8925660150678,-87.6145467212448,20701,8672,12029,20734,8715,12019,41435
"13278","Broadway & Cornelia Ave",41.9455256147961,-87.6464391178565,20651,12214,8437,20587,12193,8394,41238
"13325","Broadway & Waveland Ave",41.9490700344704,-87.6486287196014,20581,12907,7674,20532,13152,7380,41113
"13053","Green St & Randolph St",41.8836596504897,-87.6486398688805,20210,10551,9659,20875,10459,10416,41085
"13050","State St & Kinzie St",41.8891913711808,-87.6278134299627,20220,10732,9488,20832,10517,10315,41052
"TA1305000041","Damen Ave & Pierce Ave",41.9094002360171,-87.6776859565805,20142,10243,9899,20887,10387,10500,41029
"KA1504000133","Rush St & Cedar St",41.9023206095242,-87.6277452692367,20150,11054,9096,20334,10577,9757,40484
"KA1503000041","McClurg Ct & Erie St",41.8944944396981,-87.6179943908889,20186,12565,7621,20131,13296,6835,40317
"15530","Rush St & Superior St",41.8957561286986,-87.6260327699038,19743,11106,8637,19937,11273,8664,39680
"KA1503000064","Dusable Harbor",41.8869692972694,-87.612816420039,20080,5382,14698,19455,6260,13195,39535
"13059","Bissell St & Armitage Ave",41.9184303403952,-87.6522130357132,19388,10781,8607,20118,11422,8696,39506
"WL-012","Clinton St & Washington Blvd",41.8833915367136,-87.6411845797571,19831,14752,5079,19639,14996,4643,39470
"TA1307000150","Pine Grove Ave & Waveland Ave",41.9494500363508,-87.6464512834434,19706,11683,8023,19727,11934,7793,39433
"TA1306000015","Morgan St & Lake St",41.8855058204202,-87.6522565110128,19051,10371,8680,20324,11313,9011,39375
"13071","Southport Ave & Roscoe St",41.9437221622021,-87.6640050985353,19127,10453,8674,19869,11315,8554,38996
"TA1305000029","State St & Randolph St",41.8846692577516,-87.6278931338071,19531,10116,9415,19436,9801,9635,38967
"13265","Kingsbury St & Erie St",41.8938170435963,-87.6416969107281,19560,13515,6045,18853,12739,6114,38413
"TA1307000136","Clark St & Wellington Ave",41.9364925701106,-87.6475494263109,19082,11259,7823,19277,11789,7488,38359
"TA1308000012","Montrose Harbor",41.9639761961874,-87.6382295984274,19377,8005,11372,18947,7883,11064,38324
"331","Halsted St & Clybourn Ave",41.9096442596554,-87.6481157968049,18811,11691,7120,18907,11871,7036,37718
"TA1309000061","Halsted St & Wrightwood Ave",41.9291445522079,-87.6490881095055,18900,10720,8180,18692,10773,7919,37592
"SL-008","Federal St & Polk St",41.8721039354455,-87.6295478515492,18757,10808,7949,18672,10940,7732,37429
"TA1306000014","Wilton Ave & Diversey Pkwy",41.9324143197785,-87.6527125334962,19005,10869,8136,18226,10767,7459,37231
"13033","Milwaukee Ave & Grand Ave",41.891590237801,-87.6483554495541,18568,10843,7725,18338,10958,7380,36906
"623","Michigan Ave & 8th St",41.8727335427819,-87.6239823153177,18769,5732,13037,17880,5074,12806,36649
"15529","Mies van der Rohe Way & Chestnut St",41.8985708762356,-87.6220301665393,18226,10380,7846,18094,10248,7846,36320
"TA1306000010","Daley Center Plaza",41.884196556906,-87.629634719724,18091,11746,6345,18114,12303,5811,36205
"13235","Southport Ave & Waveland Ave",41.9481383067075,-87.6639484245163,17953,10637,7316,18247,10631,7616,36200
"13276","Stockton Dr & Wrightwood Ave",41.9313084050655,-87.6387394478633,17927,9416,8511,17856,9559,8297,35783
"TA1307000052","Sheffield Ave & Wellington Ave",41.9362589377491,-87.6525861099004,17837,10254,7583,17920,10252,7668,35757
"TA1305000022","Orleans St & Merchandise Mart Plaza",41.8881662334559,-87.6364919132967,18711,12367,6344,16985,11451,5534,35696
"TA1306000016","Sheffield Ave & Fullerton Ave",41.9255995057281,-87.6537074778861,18009,11400,6609,17438,11438,6000,35447
"TA1305000006","Dearborn St & Monroe St",41.8812420617788,-87.6295916238682,17548,11109,6439,17255,11039,6216,34803
"13192","Halsted St & Dickens Ave",41.9199363019675,-87.6488329385868,16862,9592,7270,17519,10102,7417,34381
"13021","Clinton St & Lake St",41.8856053964984,-87.6418155192459,17169,11761,5408,17101,11770,5331,34270
"TA1309000033","Sheffield Ave & Webster Ave",41.9215780770539,-87.6538014959238,17070,9522,7548,17167,9705,7462,34237
"TA1309000010","Wabash Ave & 9th St",41.8707506698178,-87.6257443952497,16980,9168,7812,17027,9110,7917,34007
"RN-","Franklin St & Illinois St",41.8910242585779,-87.6354706083246,16972,10296,6676,16683,9951,6732,33655
"13277","Broadway & Belmont Ave",41.940096413055,-87.6454536060888,16507,9466,7041,16951,9495,7456,33458
"KA1503000014","Ellis Ave & 60th St",41.785108832258,-87.601070870758,16777,12425,4352,16592,12230,4362,33369
"TA1307000038","Sedgwick St & North Ave",41.9113777749898,-87.6386776496147,16713,9037,7676,16627,9419,7208,33340
"13338","Mies van der Rohe Way & Chicago Ave",41.8969548501036,-87.6217661447829,16469,10402,6067,16489,10315,6174,32958
"TA1307000127","Clark St & Grace St",41.9507970851684,-87.6591727566466,16537,7835,8702,16385,7896,8489,32922
"TA1305000025","Franklin St & Jackson Blvd",41.8777406035281,-87.6353169421307,16698,9288,7410,16100,9763,6337,32798
"13011","Canal St & Adams St",41.8793308844221,-87.6399092249188,16620,11394,5226,15829,11456,4373,32449
"KA1504000152","Lakefront Trail & Bryn Mawr Ave",41.9839529604702,-87.6522868295672,16168,8877,7291,16187,8905,7282,32355
"TA1307000131","Wabash Ave & Wacker Pl",41.886903911406,-87.6260741791389,15980,5966,10014,16077,5385,10692,32057
"13332","Loomis St & Lexington St",41.8721891834584,-87.6614902555086,16199,13644,2555,15770,12998,2772,31969
"TA1309000023","Sheffield Ave & Wrightwood Ave",41.9287047255485,-87.653825838623,16025,8226,7799,15816,8347,7469,31841
"TA1307000064","Lincoln Ave & Diversey Pkwy",41.9322126873666,-87.6586196436368,15822,9653,6169,15807,9625,6182,31629
"KA1503000012","Clark St & Lake St",41.8860044692454,-87.6309072828325,15973,9285,6688,15641,8757,6884,31614
"13221","Wood St & Milwaukee Ave",41.9076439181631,-87.6725362575201,15302,8300,7002,15835,8469,7366,31137
"13191","Sedgwick St & Webster Ave",41.9221658419002,-87.6389086540621,15626,8995,6631,15383,9003,6380,31009
"TA1306000009","Larrabee St & Kingsbury St",41.8977147546289,-87.6429478415943,15945,11614,4331,15057,11153,3904,31002
"TA1305000030","Clark St & Randolph St",41.8846062981212,-87.6317984024222,15542,9891,5651,15245,10013,5232,30787
"KA1503000071","University Ave & 57th St",41.7914989389087,-87.5998670464197,14984,11159,3825,15596,11802,3794,30580
"TA1307000111","Franklin St & Lake St",41.8858309737356,-87.6355006963923,15476,9748,5728,14881,9117,5764,30357
"13158","Peoria St & Jackson Blvd",41.877664029134,-87.649587335985,15154,10133,5021,15139,9977,5162,30293
"TA1307000107","Sheridan Rd & Montrose Ave",41.9616421895047,-87.654631285871,14730,9019,5711,15147,9292,5855,29877
"13431","Adler Planetarium",41.8661040543216,-87.6072887623591,15146,5341,9805,14648,5128,9520,29794
"LP-","Lincoln Park Conservatory",41.9239539189083,-87.6358392511323,14865,5749,9116,14581,5566,9015,29446
"TA1306000026","Racine Ave & Fullerton Ave",41.9255793651102,-87.6584105593991,14668,9955,4713,14684,10094,4590,29352
"TA1309000036","Burling St & Diversey Pkwy",41.9331290982508,-87.6477601989986,14243,8853,5390,14804,9256,5548,29047
"KP1705001026","LaSalle Dr & Huron St",41.894850406276,-87.6322942853512,14882,8431,6451,14079,7583,6496,28961
"13303","Clark St & Chicago Ave",41.8967232438439,-87.630877858824,14637,8327,6310,14144,7832,6312,28781
"TA1308000019","Racine Ave & Belmont Ave",41.9397199049572,-87.6588612583043,14285,7300,6985,14324,7342,6982,28609
"13063","Sheridan Rd & Irving Park Rd",41.954236488537,-87.6544089981302,14207,8731,5476,14245,8573,5672,28452
"TA1308000022","Pine Grove Ave & Irving Park Rd",41.9543672530453,-87.6480422053996,14301,8345,5956,13941,7823,6118,28242
"13154","Sheffield Ave & Kingsbury St",41.9105458527871,-87.653120606645,14005,9228,4777,14131,9544,4587,28136
"13017","Franklin St & Chicago Ave",41.8967460324768,-87.6356859019846,14223,9444,4779,13663,9317,4346,27886
"TA1307000124","Michigan Ave & 14th St",41.8641188449195,-87.6237365496591,13918,8496,5422,13826,8383,5443,27744
"KA1504000134","Ritchie Ct & Banks St",41.9068592848388,-87.6262528670297,13967,7592,6375,13609,7361,6248,27576
"13323","Broadway & Sheridan Rd",41.9528207306675,-87.6499940890944,13692,7958,5734,13658,8168,5490,27350
"TA1306000032","Sheffield Ave & Willow St",41.9136972172441,-87.6528424894668,13519,8844,4675,13638,8719,4919,27157
"13128","Clark St & North Ave",41.9119620377935,-87.6319566658104,13630,6543,7087,13489,6471,7018,27119
"15541","Buckingham Fountain",41.8758505404336,-87.6208344101464,13990,2005,11985,12850,2024,10826,26840
"15545","Burnham Harbor",41.8562629764049,-87.6133347680796,13383,8266,5117,13356,8052,5304,26739
"TA1307000001","Greenview Ave & Fullerton Ave",41.9253503004219,-87.665797749221,12951,7545,5406,13612,7891,5721,26563
"13034","Michigan Ave & Pearson St",41.897575871277,-87.6235492676046,13170,5483,7687,13208,5363,7845,26378
"15534","Field Blvd & South Water St",41.8862774565634,-87.617460538965,13193,6934,6259,13077,7206,5871,26270
"TA1307000062","Sedgwick St & Huron St",41.8946631972626,-87.6383830170571,13656,9556,4100,12554,8930,3624,26210
"638","Clinton St & Jackson Blvd",41.8783661669656,-87.6409288192698,13317,9803,3514,12766,9463,3303,26083
"13427","Cityfront Plaza Dr & Pioneer Ct",41.8905407680202,-87.6220772980305,13536,6941,6595,12414,6174,6240,25950
"TA1307000006","Southport Ave & Wellington Ave",41.9357169012413,-87.663584860795,12857,7466,5391,12717,7376,5341,25574
"13243","Milwaukee Ave & Wabansia Ave",41.9126153927786,-87.6813908967996,12703,7516,5187,12730,7632,5098,25433
"13341","Canal St & Madison St",41.8820891243731,-87.6397721692023,12727,8457,4270,12675,8477,4198,25402
"TA1309000007","Franklin St & Monroe St",41.8802723107165,-87.6352826130134,12969,8639,4330,12419,8568,3851,25388
"13379","Clarendon Ave & Gordon Ter",41.9578530845843,-87.6494884708935,12800,8233,4567,12501,8155,4346,25301
"TA1307000113","Southport Ave & Wrightwood Ave",41.9287780136288,-87.6638936050248,12370,6120,6250,12723,6425,6298,25093
"15535","Desplaines St & Randolph St",41.8846138951399,-87.644530957333,12512,7189,5323,12338,7053,5285,24850
"13133","Damen Ave & Cortland St",41.9159767917382,-87.6773114530165,12321,6590,5731,12496,6752,5744,24817
"SL-011","Wells St & Polk St",41.8725895746393,-87.6335432387856,12567,7154,5413,12209,6904,5305,24776
"TA1308000009","Shore Dr & 55th St",41.7952825891054,-87.5807779004671,12401,6102,6299,12352,5755,6597,24753
"TA1308000029","Stetson Ave & South Water St",41.886728691366,-87.6223220468261,12458,6725,5733,11810,5698,6112,24268
"KA1504000079","Larrabee St & Division St",41.903493923572,-87.6433410933762,12099,7214,4885,11881,7383,4498,23980
"13036","Michigan Ave & Madison St",41.8821261983631,-87.6251656615073,11937,5493,6444,12025,5808,6217,23962
"KA1504000076","Ellis Ave & 55th St",41.7942985241579,-87.6014483714502,11866,8763,3103,12070,9274,2796,23936
"TA1309000035","Clark St & Winnemac Ave",41.9733445484246,-87.6678375933826,11861,7233,4628,11963,7195,4768,23824
"13058","Dayton St & North Ave",41.910586234966,-87.6494171824755,12065,6677,5388,11654,6846,4808,23719
"TA1307000166","Halsted St & Willow St",41.9138604784891,-87.6487559361729,11879,7467,4412,11583,7273,4310,23462
"TA1309000066","Ravenswood Ave & Lawrence Ave",41.9690920132481,-87.6742264586093,11812,7822,3990,11630,7880,3750,23442
"13389","Clarendon Ave & Junior Ter",41.9609854081562,-87.6495756766225,11713,7155,4558,11720,6981,4739,23433
"TA1307000138","Lincoln Ave & Roscoe St",41.9433937554437,-87.6709691627978,11526,7062,4464,11840,7298,4542,23366
"13132","Damen Ave & Chicago Ave",41.8957351954231,-87.6771741497743,11478,6697,4781,11878,7012,4866,23356
"15539","Desplaines St & Jackson Blvd",41.8777564849283,-87.6440103228239,11712,8338,3374,11540,8297,3243,23252
"TA1309000037","Kimbark Ave & 53rd St",41.7995812737379,-87.5947502202752,11457,6974,4483,11732,7320,4412,23189
"TA1309000004","LaSalle St & Jackson Blvd",41.8782255411135,-87.6318801646893,11689,8422,3267,11343,8774,2569,23032
"13157","Aberdeen St & Jackson Blvd",41.8777302685623,-87.6547907283257,11570,8107,3463,11380,7932,3448,22950
"TA1307000163","Clifton Ave & Armitage Ave",41.9182127684685,-87.6569435005472,11321,7205,4116,11595,7472,4123,22916
"TA1307000061","State St & Pearson St",41.8974534431826,-87.628719698925,11982,6886,5096,10882,6402,4480,22864
"TA1309000002","Michigan Ave & Jackson Blvd",41.8778397393962,-87.6240766523274,11516,3669,7847,11181,3418,7763,22697
"TA1309000042","Lincoln Ave & Belmont Ave",41.9393564765936,-87.6683492068921,11177,6966,4211,11331,7196,4135,22508
"TA1305000034","Honore St & Division St",41.9031249291466,-87.6739065862277,11146,5551,5595,11185,5753,5432,22331
"TA1305000020","Ogden Ave & Chicago Ave",41.8963578096402,-87.6540485774446,11107,6259,4848,11080,6563,4517,22187
"620","Orleans St & Chestnut St (NEXT Apts)",41.8981778367862,-87.6375188486874,11314,6781,4533,10634,6236,4398,21948
"TA1309000006","Larrabee St & Armitage Ave",41.9180845875421,-87.6437478896166,11087,6678,4409,10683,6463,4220,21770
"13156","Aberdeen St & Monroe St",41.8804235621597,-87.6555231062316,10820,6985,3835,10747,7368,3379,21567
"13194","Ogden Ave & Race Ave",41.8917941846591,-87.6587677433733,10477,7123,3354,10764,7101,3663,21241
"13136","Damen Ave & Division St",41.9032692241807,-87.6784357020773,10423,5830,4593,10791,6159,4632,21214
"KA1503000015","Wabash Ave & Adams St",41.8794867030047,-87.6257233192785,10608,5341,5267,10543,5231,5312,21151
"TA1307000048","Fort Dearborn Dr & 31st St",41.8385533404128,-87.6082086747166,10555,4519,6036,10511,4278,6233,21066
"13224","Ashland Ave & Blackhawk St",41.9070615530261,-87.6672387029874,10445,5793,4652,10585,5951,4634,21030
"13229","Southport Ave & Belmont Ave",41.9394510399328,-87.6637487881822,10293,5225,5068,10288,5331,4957,20581
"13085","Kedzie Ave & Milwaukee Ave",41.9295651300689,-87.7078569164243,9572,4111,5461,11002,4664,6338,20574
"13409","Sangamon St & Washington Blvd",41.8831488775295,-87.6510830125167,10236,6216,4020,10328,6153,4175,20564
"TA1307000130","Morgan St & Polk St",41.8717832339425,-87.6510390448613,10175,8418,1757,10316,8566,1750,20491
"13196","Carpenter St & Huron St",41.8945580638188,-87.6534316666679,10518,6129,4389,9627,5575,4052,20145
"13084","California Ave & Milwaukee Ave",41.9226740937715,-87.6971283980624,9906,4789,5117,10233,5013,5220,20139
"KA1504000146","Clark St & Berwyn Ave",41.9779928118607,-87.6680748568991,9699,5467,4232,10346,5781,4565,20045
"TA1309000030","Southport Ave & Clybourn Ave",41.9207637711047,-87.6637073708046,9633,5580,4053,10380,5866,4514,20013
"KA1504000104","Paulina St & Flournoy St",41.8730031744023,-87.6690975529722,10113,8254,1859,9807,8300,1507,19920
"636","Orleans St & Hubbard St",41.8899928756056,-87.6366167184064,10030,6775,3255,9723,6564,3159,19753
"13006","LaSalle St & Washington St",41.8826931943075,-87.632538991449,9899,6669,3230,9849,6581,3268,19748
"13289","Eckhart Park",41.8963790529514,-87.6609795107164,9926,5940,3986,9773,5747,4026,19699
"18062","Aberdeen St & Randolph St",41.8841275556006,-87.6542554411436,9635,5807,3828,9989,6259,3730,19624
"TA1307000121","Halsted St & Polk St",41.8718328211359,-87.6466586108957,9733,7931,1802,9850,8133,1717,19583
"13150","Michigan Ave & 18th St",41.8578348094794,-87.6245539085348,9763,6136,3627,9751,6137,3614,19514
"KA1503000044","Rush St & Hubbard St",41.8901741625629,-87.6262351052607,9826,5503,4323,9541,5278,4263,19367
"TA1305000037","Paulina Ave & North Ave",41.9101398324775,-87.6700118020745,9646,5349,4297,9612,5476,4136,19258
"TA1309000064","Wolcott Ave & Polk St",41.8712723327501,-87.6736825003125,9643,8152,1491,9526,8251,1275,19169
"13216","State St & 33rd St",41.8347384649914,-87.6258095464237,9468,8047,1421,9698,8288,1410,19166
"13102","Calumet Ave & 18th St",41.8576363123032,-87.6194225071945,9499,5708,3791,9538,5822,3716,19037
"TA1309000008","Franklin St & Adams St (Temp)",41.879384542511,-87.6354382711652,9482,5525,3957,9472,5295,4177,18954
"13160","May St & Taylor St",41.869473930409,-87.6554813072369,9582,7150,2432,9360,6737,2623,18942
"18003","Fairbanks St & Superior St",41.8957477254022,-87.6201515040828,9242,6100,3142,9411,6392,3019,18653
"639","Lakefront Trail & Wilson Ave",41.9658017134908,-87.6453856709599,9344,4908,4436,9277,4612,4665,18621
"SL-012","Wabash Ave & 16th St",41.8603992747294,-87.6258112326031,9330,6204,3126,9082,6004,3078,18412
"13074","Broadway & Wilson Ave",41.9652174304844,-87.6581692509819,9056,5557,3499,9272,5763,3509,18328
"13247","Ashland Ave & Chicago Ave",41.8958836795573,-87.6677218166443,9188,5610,3578,9124,5382,3742,18312
"13290","Noble St & Milwaukee Ave",41.9006789463875,-87.6625844930583,9241,5891,3350,8985,5622,3363,18226
"13075","Wentworth Ave & Cermak Rd",41.8530971521496,-87.6319157731361,8837,3524,5313,9365,3734,5631,18202
"TA1309000014","Clark St & Leland Ave",41.9670839774622,-87.6674266645043,9048,5616,3432,8982,5600,3382,18030
"13068","Western Ave & Winnebago Ave",41.9155373248233,-87.6870230650201,8756,4808,3948,9008,5046,3962,17764
"SL-007","State St & Harrison St",41.8740554604722,-87.6277027670932,8836,4083,4753,8840,3949,4891,17676
"TA1305000005","Dearborn St & Adams St",41.8793190579114,-87.6297636042895,8926,5469,3457,8700,5638,3062,17626
"13353","Ada St & Washington Blvd",41.8828387495078,-87.6611880997142,8807,5845,2962,8764,5741,3023,17571
"TA1306000011","Wells St & Walton St",41.8999453595218,-87.6344383100767,9456,5668,3788,8066,4817,3249,17522
"TA1309000027","Sheridan Rd & Buena Ave",41.9584898689439,-87.6549736961476,8831,5618,3213,8433,5502,2931,17264
"13108","Broadway & Argyle St",41.9737844231643,-87.6596696930086,8540,5268,3272,8634,5230,3404,17174
"TA1309000059","Racine Ave & Wrightwood Ave",41.9288880984266,-87.6589654533727,8530,5303,3227,8622,5203,3419,17152
"WL-011","Jefferson St & Monroe St",41.8801976933314,-87.6427044799616,8611,5617,2994,8161,5282,2879,16772
"KA1503000072","Wacker Dr & Washington St",41.8832125317289,-87.6370009035043,8524,5730,2794,8226,5632,2594,16750
"KA1504000171","Marine Dr & Ainslie St",41.9715495771201,-87.6501354063347,8356,4477,3879,8281,4412,3869,16637
"TA1305000035","State St & Van Buren St",41.8771838775236,-87.627883096141,8444,4791,3653,8071,4856,3215,16515
"TA1305000039","Marshfield Ave & Cortland St",41.916336481514,-87.6672880175305,8240,4738,3502,8168,4776,3392,16408
"13056","Canal St & Monroe St",41.8817051167191,-87.6394862577011,8495,5918,2577,7845,5388,2457,16340
"13028","900 W Harrison St",41.8747557822313,-87.6498056525589,8124,5637,2487,8129,5732,2397,16253
"WL-008","Clinton St & Roosevelt Rd",41.8671193886276,-87.6410813392775,7930,4629,3301,8273,5026,3247,16203
"13109","Broadway & Berwyn Ave",41.978330730825,-87.6597394569049,8014,5340,2674,8175,5341,2834,16189
"TA1309000001","Halsted St & Maxwell St",41.8648860447468,-87.6470698703871,7865,5111,2754,7922,5063,2859,15787
"TA1305000010","Michigan Ave & Ida B Wells Dr",41.8762446889365,-87.6244396779352,7818,2756,5062,7806,2661,5145,15624
"TA1306000008","Larrabee St & North Ave",41.9101977722747,-87.6434984848013,7916,4708,3208,7654,4486,3168,15570
"13124","Cannon Dr & Fullerton Ave",41.9267486031107,-87.6344318731932,7599,2374,5225,7667,2436,5231,15266
"13029","Field Museum",41.8653158434978,-87.6178946740863,8314,1548,6766,6889,1635,5254,15203
"KA1504000116","Larrabee St & Oak St",41.9002233815879,-87.6429858934987,7857,5572,2285,7303,5308,1995,15160
"13248","Ashland Ave & Augusta Blvd",41.8996313680249,-87.6678573330607,7699,5188,2511,7428,4976,2452,15127
"18067","Walsh Park",41.9146016503122,-87.6679686407948,7915,4589,3326,7191,4178,3013,15106
"624","Dearborn St & Van Buren St",41.8762858846154,-87.6292165797387,7852,4205,3647,7212,3855,3357,15064
"TA1307000139","MLK Jr Dr & 29th St",41.842030710876,-87.6169818487994,7650,6051,1599,7277,5752,1525,14927
"TA1307000070","Damen Ave & Thomas St (Augusta Blvd)",41.9013300959077,-87.6774211458889,7800,4484,3316,7085,4087,2998,14885
"15571","Broadway & Granville Ave",41.9947374974943,-87.6602618773117,7202,4241,2961,7402,4369,3033,14604
"TA1309000043","Southport Ave & Irving Park Rd",41.9541656192449,-87.6643397509161,7526,4776,2750,7058,4512,2546,14584
"13294","Greenview Ave & Diversey Pkwy",41.9325977755188,-87.6659357973838,7272,4085,3187,7215,4057,3158,14487
"KA1503000007","Cornell Ave & Hyde Park Blvd",41.8024648676619,-87.5869342672122,7198,4084,3114,7149,4013,3136,14347
"TA1309000011","Ellis Ave & 58th St",41.7887509789146,-87.6013282954837,7051,5393,1658,7119,5487,1632,14170
"13296","Ashland Ave & Wrightwood Ave",41.9288242483353,-87.6685048434847,6951,3756,3195,7199,3749,3450,14150
"13139","Throop St & Taylor St",41.8689398498283,-87.6591276121774,7073,5554,1519,7054,5373,1681,14127
"13319","Ashland Ave & Grace St",41.9506712905213,-87.6686849620911,7101,4166,2935,6961,3864,3097,14062
"KA1504000151","Clark St & Bryn Mawr Ave",41.9835843183357,-87.6691509063091,6759,4362,2397,7259,4563,2696,14018
"SL-010","Financial Pl & Ida B Wells Dr",41.8750258852605,-87.6330889772074,7089,4659,2430,6913,4693,2220,14002
"13164","Racine Ave & 18th St",41.8582092628858,-87.6564815461819,7015,4340,2675,6956,4123,2833,13971
"637","Wood St & Chicago Ave",41.8956359317725,-87.6720728796064,6910,4383,2527,6998,4373,2625,13908
"KA1504000103","Western Ave & Walton St",41.8984239201761,-87.6865723616739,7131,4006,3125,6759,3676,3083,13890
"TA1307000115","Clybourn Ave & Division St",41.9045967331981,-87.6405542481958,6877,4602,2275,6864,4610,2254,13741
"15575","Broadway & Thorndale Ave",41.9897142845966,-87.6601186953731,6695,4051,2644,6977,4136,2841,13672
"13285","Wood St & Taylor St (Temp)",41.8693159966448,-87.6737569848035,6876,5889,987,6724,5851,873,13600
"TA1307000119","Clarendon Ave & Leland Ave",41.9679266930282,-87.6499870615633,6736,3884,2852,6794,3918,2876,13530
"13206","Loomis St & Jackson Blvd",41.8779440009672,-87.6620005638122,6775,4787,1988,6582,4657,1925,13357
"KA1706005007","Delano Ct & Roosevelt Rd",41.8674894690279,-87.6321916490866,6762,3644,3118,6533,3599,2934,13295
"TA1308000005","Leavitt St & North Ave",41.9104295660505,-87.6823681733396,6672,3612,3060,6594,3637,2957,13266
"TA1307000164","Woodlawn Ave & 55th St",41.795291588275,-87.5964699306165,6692,4179,2513,6486,4038,2448,13178
"SL-009","Clark St & 9th St (AMLI)",41.8708297970721,-87.6311992301707,6589,3771,2818,6301,3612,2689,12890
"15578","Broadway & Ridge Ave",41.9840104632746,-87.6602450278036,6541,4116,2425,6175,3998,2177,12716
"KA1503000059","Lake Park Ave & 53rd St",41.7995348493347,-87.586450115212,6189,2953,3236,6521,3048,3473,12710
"TA1308000021","Winthrop Ave & Lawrence Ave",41.9688168514406,-87.6576501855698,6280,3566,2714,6198,3415,2783,12478
"13138","Canal St & Jackson Blvd",41.8772492373645,-87.6393842758097,6340,4640,1700,6070,4488,1582,12410
"13434","Ashland Ave & Grand Ave",41.8910749857093,-87.6666163070573,6085,3227,2858,6319,3439,2880,12404
"13288","Damen Ave & Charleston St",41.9200739517775,-87.6778685416757,6136,3221,2915,6205,3292,2913,12341
"TA1309000041","Sheridan Rd & Lawrence Ave",41.9694959358926,-87.6546930380251,6052,3734,2318,6092,3855,2237,12144
"TA1309000063","Lake Park Ave & 56th St",41.7932669314841,-87.5877930986686,6008,3698,2310,6098,3791,2307,12106
"13269","Ashland Ave & Wellington Ave",41.9360779621472,-87.6698125949604,5996,3929,2067,6057,4056,2001,12053
"TA1307000140","Western Ave & Leland Ave",41.9664117736117,-87.6886592533112,5881,3825,2056,6151,3938,2213,12032
"TA1306000007","Larrabee St & Menomonee St",41.9146855953397,-87.6433169180194,6050,4002,2048,5787,3823,1964,11837
"596","Benson Ave & Church St",42.0482046454832,-87.6834791374464,5755,3281,2474,6069,3337,2732,11824
"15550","Canal St & Taylor St",41.8702448904718,-87.6394713102559,5769,3328,2441,5980,3708,2272,11749
"TA1309000026","Lincoln Ave & Belle Plaine Ave",41.9560060771613,-87.6801861209946,5782,3837,1945,5961,3910,2051,11743
"KA1503000022","Clark St & Montrose Ave",41.961577944148,-87.6660738069001,6070,3879,2191,5497,3467,2030,11567
"TA1308000031","Logan Blvd & Elston Ave",41.9294529329187,-87.6841454184933,5343,2840,2503,6120,2977,3143,11463
"13257","Campbell Ave & North Ave",41.9105373026781,-87.6895603056158,5678,2710,2968,5776,2764,3012,11454
"KA1503000052","Ellis Ave & 53rd St",41.7993584702691,-87.6009601083957,5740,3804,1936,5606,3826,1780,11346
"13144","Seeley Ave & Roscoe St",41.9433968101301,-87.6796151925854,5478,3043,2435,5671,3112,2559,11149
"13135","Blue Island Ave & 18th St",41.8575381911987,-87.6615455353535,5484,3215,2269,5662,3403,2259,11146
"13197","Elizabeth (May) St & Fulton St",41.8866119447641,-87.6581346596516,5420,3507,1913,5718,3820,1898,11138
"TA1307000143","Sedgwick St & Schiller St",41.907620200048,-87.638535476753,5779,3176,2603,5359,2922,2437,11138
"KA1503000034","LaSalle St & Adams St",41.8793764211294,-87.6319366271507,5587,3213,2374,5454,3206,2248,11041
"TA1307000149","Ravenswood Ave & Irving Park Rd",41.9546732783347,-87.6739126915857,5387,3683,1704,5594,3880,1714,10981
"657","Wood St & Augusta Blvd",41.8991785113863,-87.6721774457065,5580,3428,2152,5389,3266,2123,10969
"TA1309000029","Leavitt St & Armitage Ave",41.9178010449937,-87.6824408217628,5409,3062,2347,5472,3067,2405,10881
"TA1307000158","Damen Ave & Leland Ave",41.9670924178982,-87.6790322283844,5451,3842,1609,5289,3811,1478,10740
"TA1309000055","Emerald Ave & 31st St",41.8382056777234,-87.6451325220247,5239,4063,1176,5453,4190,1263,10692
"TA1306000006","Orleans St & Elm St",41.9029080593056,-87.6377105963978,5642,3381,2261,4976,3036,1940,10618
"604","Sheridan Rd & Noyes St (NU)",42.058229915786,-87.6774421608106,5260,2730,2530,5351,2753,2598,10611
"TA1305000009","Clark St & Ida B Wells Dr",41.8759505945278,-87.6306467985985,5297,3368,1929,5295,3654,1641,10592
"15651","Humboldt Blvd & Armitage Ave",41.9175164259561,-87.7017795112979,5261,2323,2938,5316,2379,2937,10577
"TA1308000006","Damen Ave & Grand Ave",41.8912882960245,-87.6768431930371,5175,2846,2329,5363,2843,2520,10538
"13155","Racine Ave & Randolph St",41.8840825763384,-87.6568623423491,5306,3169,2137,5197,3325,1872,10503
"TA1307000156","Lincoln Ave & Sunnyside Ave",41.9630079123439,-87.6847796916757,5088,3435,1653,5298,3487,1811,10386
"KA1503000074","Museum of Science and Industry",41.7918272528093,-87.5839742243432,5187,1847,3340,5151,1750,3401,10338
"13217","Calumet Ave & 33rd St",41.8348857029219,-87.6179190797252,5224,4441,783,5049,4306,743,10273
"13253","Lincoln Ave & Waveland Ave",41.9487938696698,-87.6752648495792,5064,3318,1746,5176,3395,1781,10240
"654","Racine Ave & Washington Blvd",41.8830768994635,-87.6569593062378,5173,3215,1958,5055,3239,1816,10228
"13241","Western Ave & Division St",41.9028958415111,-87.6872911905433,5248,2750,2498,4906,2567,2339,10154
"13271","Damen Ave & Clybourn Ave",41.931910414288,-87.6778293724658,4915,3066,1849,5202,3188,2014,10117
"TA1306000025","Racine Ave & Congress Pkwy",41.874641361502,-87.6570212561609,5411,3997,1414,4663,3544,1119,10074
"13073","Ashland Ave & Lake St",41.8859313914388,-87.6671579056299,4854,2381,2473,4878,2323,2555,9732
"17660","California Ave & Cortez St",41.9003667765445,-87.6966927794316,4727,2562,2165,5005,2633,2372,9732
"13268","Damen Ave & Wellington Ave",41.9358791032641,-87.6784155330178,4759,2567,2192,4919,2501,2418,9678
"TA1306000002","Morgan Ave & 14th Pl",41.8623894989645,-87.6510757127799,4763,3721,1042,4849,3749,1100,9612
"644","Western Ave & Fillmore St",41.8686215789007,-87.6861307863139,4767,3805,962,4700,3793,907,9467
"18058","Leavitt St & Chicago Ave",41.8955036994845,-87.6820019619411,4526,2699,1827,4869,2730,2139,9395
"TA1307000144","Wolcott (Ravenswood) Ave & Montrose Ave",41.9614129950917,-87.6761808899816,4660,3111,1549,4714,3101,1613,9374
"13163","Morgan St & 18th St",41.8580899904461,-87.6510703668172,4614,2607,2007,4704,2707,1997,9318
"RP-009","Sheridan Rd & Loyola Ave",42.0010199473522,-87.6612046439627,4565,2400,2165,4660,2500,2160,9225
"13398","Blackstone Ave & Hyde Park Blvd",41.8025816292902,-87.590365102606,4608,2510,2098,4555,2465,2090,9163
"TA1305000017","Halsted St & Roosevelt Rd",41.867339788908,-87.6486285137327,4671,3522,1149,4410,3375,1035,9081
"13242","Milwaukee Ave & Rockwell St",41.9201985572626,-87.6926278986024,4474,2431,2043,4506,2475,2031,8980
"15655","Albany Ave & Bloomingdale Ave",41.9140100125191,-87.705106951339,4519,2347,2172,4386,2257,2129,8905
"13266","Stave St & Armitage Ave",41.9177355697383,-87.6913942684736,4377,2371,2006,4527,2454,2073,8904
"13258","California Ave & North Ave",41.910440377109,-87.6971485973912,4436,2287,2149,4343,2124,2219,8779
"13432","Wood St & Hubbard St",41.8898921150037,-87.6714821091627,4285,2654,1631,4256,2724,1532,8541
"E008","Chicago Ave & Sheridan Rd",42.0504976818757,-87.6778253871304,4146,1681,2465,4214,1725,2489,8360
"658","Leavitt St & Division St",41.9029978248397,-87.6837912493559,4338,2718,1620,3995,2616,1379,8333
"13259","California Ave & Francis Pl (Temp)",41.9184990780391,-87.6974110147127,4153,2080,2073,4116,2128,1988,8269
"TA1305000004","McCormick Place",41.8514066746261,-87.6188413421104,4127,1080,3047,4074,964,3110,8201
"KA1504000175","Glenwood Ave & Morse Ave",42.0079490712364,-87.6654866704935,4052,2519,1533,4137,2625,1512,8189
"13292","Kedzie Ave & Palmer Ct",41.9215174024197,-87.7072991591564,4113,2204,1909,4034,2073,1961,8147
"TA1307000159","Paulina St & 18th St",41.8579045946181,-87.6686991058793,3926,2270,1656,4218,2326,1892,8144
"13215","Rhodes Ave & 32nd St",41.8363443882018,-87.6135099968047,4134,2931,1203,3936,2713,1223,8070
"TA1307000129","State St & 35th St",41.8310469921554,-87.6268168032223,3837,2844,993,4172,3231,941,8009
"660","Sheridan Rd & Columbia Ave",42.0045570473489,-87.6614198749224,3823,2438,1385,4005,2596,1409,7828
"15646","California Ave & Altgeld St",41.9266733600384,-87.6976797775725,3768,1936,1832,4038,1994,2044,7806
"13256","California Ave & Division St",41.9030277289624,-87.6974722402915,3747,1809,1938,3989,1754,2235,7736
"KA17018068","Leavitt St & Belmont Ave",41.9393395153866,-87.6832666198819,3830,2157,1673,3881,2214,1667,7711
"TA1308000036","Indiana Ave & 31st St",41.8388397715012,-87.6218621877814,3941,3019,922,3729,2888,841,7670
"15546","Calumet Ave & 21st St",41.8541881204187,-87.6191751774216,3813,1763,2050,3692,1780,1912,7505
"KA1504000149","Damen Ave & Foster Ave",41.9755964948507,-87.679435211154,3637,2155,1482,3857,2200,1657,7494
"E002","Chicago Ave & Washington St",42.03255980262,-87.6791243747051,3643,2384,1259,3753,2380,1373,7396
"KA1503000070","Harper Ave & 59th St",41.7879657207398,-87.5883237773263,3722,2648,1074,3674,2692,982,7396
"TA1305000001","Wabash Ave & Cermak Rd",41.8526303952758,-87.6264878133493,3505,1580,1925,3820,1764,2056,7325
"13143","Damen Ave & Melrose Ave",41.9405893196951,-87.6785124683349,3586,1714,1872,3676,1836,1840,7262
"15650","Spaulding Ave & Armitage Ave",41.9171075460541,-87.7101999447972,3384,1489,1895,3813,1708,2105,7197
"TA1309000018","Ravenswood Ave & Berteau Ave",41.9579168407744,-87.6735636042049,3508,2533,975,3664,2575,1089,7172
"KA1504000140","Winchester Ave & Elston Ave",41.9240854248532,-87.676453382157,3436,1920,1516,3612,1987,1625,7048
"15648","Campbell Ave & Fullerton Ave",41.9246365587074,-87.6892918022139,3374,1706,1668,3386,1689,1697,6760
"13134","Damen Ave & Madison St",41.8813895961551,-87.674893955506,3366,1847,1519,3350,1848,1502,6716
"TA1308000047","Southport Ave & Clark St",41.9570740376153,-87.6641930668203,3399,2036,1363,3281,2162,1119,6680
"KA1503000004","Lake Park Ave & 35th St",41.8312891624274,-87.6087928925205,3258,993,2265,3333,978,2355,6591
"TA1309000050","Lincoln Ave & Addison St",41.9461757429415,-87.6733037231224,3275,1786,1489,3283,1822,1461,6558
"TA1308000046","Morgan St & 31st St",41.8377979276945,-87.6511524068502,3235,2081,1154,3315,2151,1164,6550
"15642","California Ave & Fletcher St",41.9384134554294,-87.6979741633499,2908,1400,1508,3562,1649,1913,6470
"13099","Halsted St & 18th St",41.8579669294948,-87.6463094701869,3203,1830,1373,3247,1861,1386,6450
"13037","Clinton St & Tilden St",41.8758854534541,-87.6407775992398,3253,2077,1176,3084,1959,1125,6337
"TA1309000021","Paulina St & Montrose Ave",41.9614969975042,-87.6713881086413,3193,2040,1153,3108,1982,1126,6301
"KA1504000148","Clark St & Elmdale Ave",41.9908480592721,-87.6697021525242,3137,2098,1039,3159,2084,1075,6296
"TA1309000012","Damen Ave & Sunnyside Ave",41.9632538622649,-87.6792695678972,3314,2188,1126,2979,1940,1039,6293
"SL-013","State St & 19th St",41.8565797247101,-87.627535614818,3115,1603,1512,3141,1684,1457,6256
"18017","Central Park Ave & Bloomingdale Ave",41.9141695748478,-87.7167307738913,3015,1268,1747,3206,1222,1984,6221
"TA1309000032","Elston Ave & Wabansia Ave",41.9129292990275,-87.6641601023449,2999,1731,1268,3163,1890,1273,6162
"KA1503000038","Shields Ave & 31st St",41.8384524578202,-87.6353942802106,3107,2506,601,2996,2421,575,6103
"13249","Ashland Ave & Belle Plaine Ave",41.9560612859905,-87.6688340120693,2992,1573,1419,3019,1556,1463,6011
"TA1307000044","Clinton St & 18th St",41.8579477858172,-87.6408323974971,2897,1931,966,3113,1945,1168,6010
"TA1307000005","Indiana Ave & 26th St",41.8456846669109,-87.6224918176866,2946,2118,828,2981,2043,938,5927
"15668","Western Ave & Congress Pkwy",41.8747008185017,-87.6863945941436,2908,2000,908,2954,2000,954,5862
"520","Greenview Ave & Jarvis Ave",42.0159628995178,-87.6685861633081,2921,2112,809,2924,2155,769,5845
"13304","Racine Ave & 15th St",41.8612932191263,-87.6565809663365,2938,1745,1193,2875,1693,1182,5813
"13354","Ashland Ave & 13th St",41.8652441949613,-87.666507395903,2681,2104,577,3072,2436,636,5753
"605","University Library (NU)",42.0529394216346,-87.6734360852485,2803,1581,1222,2842,1679,1163,5645
"15622","California Ave & Montrose Ave",41.9610494219613,-87.6954226969387,2770,1693,1077,2863,1706,1157,5633
"KA17018054","Damen Ave & Walnut (Lake) St",41.8859636032505,-87.67701151029,2701,1500,1201,2849,1581,1268,5550
"KA1504000080","Washtenaw Ave & Lawrence Ave",41.9688744210086,-87.6960244645228,2766,1825,941,2776,1803,973,5542
"SL-006","Wells St & 19th St",41.856809257528,-87.6338803329611,2703,1195,1508,2786,1295,1491,5489
"KA1504000090","St. Louis Ave & Fullerton Ave",41.9248237766729,-87.7144842406945,2495,1187,1308,2961,1408,1553,5456
"15632","Talman Ave & Addison St",41.9466278363051,-87.6946177460379,2606,1586,1020,2830,1670,1160,5436
"15653","Troy St & North Ave",41.9097866590581,-87.7052894744809,2737,1204,1533,2680,1166,1514,5417
"13326","Canal St & Harrison St",41.8742542851137,-87.6395854355466,2947,1932,1015,2454,1579,875,5401
"KA1504000093","Rockwell St & Eastwood Ave",41.9658648232371,-87.6936067609687,2666,1995,671,2711,1990,721,5377
"TA1309000015","Leavitt St & Lawrence Ave",41.9688803544472,-87.6839830910691,2735,1800,935,2638,1756,882,5373
"15623","Campbell Ave & Montrose Ave",41.9615187563464,-87.6911350079868,2538,2012,526,2709,2091,618,5247
"13089","Damen Ave & Cullerton St",41.8549814536058,-87.6756600360217,2448,1377,1071,2777,1423,1354,5225
"15445","Wentworth Ave & 33rd St",41.8345315460097,-87.6318248888652,2630,1804,826,2576,1859,717,5206
"KA1504000156","Clark St & Schreiber Ave",41.9992232754316,-87.6713673060808,2612,1663,949,2586,1666,920,5198
"15634","Western Ave & Roscoe St",41.9430245588432,-87.6872649536192,2439,1441,998,2695,1450,1245,5134
"TA1308000035","Lake Park Ave & 47th St",41.8095842633845,-87.5918891530234,2550,1191,1359,2558,1266,1292,5108
"13081","Ogden Ave & Congress Pkwy",41.8750149447863,-87.6732506459498,2711,2043,668,2333,1797,536,5044
"TA1308000045","Wallace St & 35th St",41.8312369357021,-87.6412440798775,2561,1933,628,2467,1851,616,5028
"13245","Claremont Ave & Hirsch St",41.907781925117,-87.6858663727229,2449,1289,1160,2571,1379,1192,5020
"KA1504000143","Leavitt St & Addison St",41.9466315834517,-87.683339396251,2459,1428,1031,2526,1451,1075,4985
"TA1307000153","Emerald Ave & 28th St",41.8435721592015,-87.64536531857,2456,1897,559,2522,1901,621,4978
"523","Eastlake Ter & Rogers Ave",42.0208712153126,-87.6650610467722,2443,1683,760,2343,1561,782,4786
"KA1504000162","Clark St & Lunt Ave",42.0090583907491,-87.6741688926483,2382,1584,798,2404,1668,736,4786
"13307","Laflin St & Cullerton St",41.8549004427065,-87.6635875870984,2393,1243,1150,2323,1202,1121,4716
"KA1504000078","Lincoln Ave & Winona St",41.9748921590706,-87.6925092828332,2264,1320,944,2437,1427,1010,4701
"KA1504000158","Oakley Ave & Irving Park Rd",41.9543244039768,-87.6860608681804,2184,1220,964,2494,1464,1030,4678
"KA1504000117","Halsted St & North Branch St",41.8994927371246,-87.6486032164334,2482,1460,1022,2128,1341,787,4610
"KA1504000159","Sheridan Rd & Greenleaf Ave",42.0105821845001,-87.6624109793911,2240,1162,1078,2192,1123,1069,4432
"15645","Richmond St & Diversey Ave",41.9319030923828,-87.7011902371164,1983,942,1041,2375,1098,1277,4358
"15631","Troy St & Elston Ave",41.9452314612009,-87.706625295993,2024,1136,888,2314,1307,1007,4338
"15628","California Ave & Byron St",41.9521503185695,-87.6980446400046,2038,1114,924,2268,1236,1032,4306
"643","Smith Park",41.8920295873735,-87.6893121656873,2009,1231,778,2284,1359,925,4293
"15664","Artesian Ave & Hubbard St",41.8894964831124,-87.6881479537884,2270,1593,677,1966,1394,572,4236
"13331","May St & Cullerton St",41.8551605447933,-87.6541256923641,2040,1131,909,2193,1149,1044,4233
"15667","Western Ave & Monroe St",41.8797880029135,-87.6860864954132,2040,1338,702,2181,1414,767,4221
"RP-008","Clark St & Columbia Ave",42.0044527218676,-87.6723992812035,2105,1456,649,2106,1414,692,4211
"TA1308000026","Wentworth Ave & 24th St (Temp)",41.8500881628004,-87.6321428874502,1925,920,1005,2194,1118,1076,4119
"655","Hoyne Ave & Balmoral Ave",41.9798457892978,-87.6819022916525,1976,1218,758,2114,1275,839,4090
"13345","Calumet Ave & 35th St",41.8313924276555,-87.6180327187631,2051,1315,736,2038,1220,818,4089
"15491","63rd St Beach",41.7809864226797,-87.5762551944393,1986,572,1414,2084,586,1498,4070
"KA1504000160","Francisco Ave & Foster Ave",41.9756262775813,-87.7014010058685,1971,1167,804,2031,1247,784,4002
"525","Glenwood Ave & Touhy Ave",42.0126903698053,-87.6660551221996,2018,1246,772,1962,1199,763,3980
"515","Paulina St & Howard St",42.0191536814829,-87.6735672718271,1996,1196,800,1975,1419,556,3971
"13162","Halsted St & 21st St",41.8537916397357,-87.6465913021487,1919,868,1051,1988,896,1092,3907
"15643","Kosciuszko Park",41.9305679699352,-87.7237822155034,1754,691,1063,1989,755,1234,3743
"15621","Albany Ave & Montrose Ave",41.9610411923209,-87.7058128958396,1799,1108,691,1935,1244,691,3734
"TA1308000002","Greenwood Ave & 47th St",41.809856893339,-87.5993615211317,1856,868,988,1850,913,937,3706
"TA1308000043","Halsted St & 35th St",41.8307007821858,-87.6471234765952,1750,986,764,1855,1030,825,3605
"15644","Central Park Ave & Elbridge Ave",41.9353372884101,-87.7168712763676,1778,956,822,1822,1033,789,3600
"KA150400009X","Kimball Ave & Belmont Ave",41.9393999639895,-87.7115652971331,1812,932,880,1782,950,832,3594
"15654","Spaulding Ave & Division St",41.9027148725867,-87.709222410454,1768,906,862,1812,872,940,3580
"20246.0","N Green St & W Lake St",41.89,-87.65,1937,966,971,1618,761,857,3555
"13091","Western Ave & 21st St",41.8541212243606,-87.6858259080556,1716,1133,583,1820,1194,626,3536
"KA1504000147","Winchester (Ravenswood) Ave & Balmoral Ave",41.9797620165497,-87.6775353849065,1707,1106,601,1792,1150,642,3499
"TA1308000038","Cottage Grove Ave & Oakwood Blvd",41.8230038182969,-87.6071029575721,1727,662,1065,1745,604,1141,3472
"18069","Cherry Ave & Blackhawk St",41.9072291258578,-87.6556247377191,1676,1081,595,1760,1181,579,3436
"TA1308000013","Halsted St & Archer Ave",41.8472065905349,-87.6467983093291,1711,974,737,1702,1070,632,3413
"KA1504000127","Manor Ave & Leland Ave",41.9658570156891,-87.7008179140384,1707,1225,482,1663,1145,518,3370
"15443","Shields Ave & 28th Pl",41.8427565265527,-87.6354837733049,1631,1021,610,1686,947,739,3317
"15640","Avers Ave & Belmont Ave",41.9393989576776,-87.7235522990119,1608,783,825,1702,649,1053,3310
"KA1503000002","South Shore Dr & 71st St",41.7666148327417,-87.5658124295427,1630,764,866,1662,793,869,3292
"KA1503000065","Woodlawn Ave & Lake Park Ave",41.814122310137,-87.5970135564289,1622,814,808,1581,719,862,3203
"631","Malcolm X College",41.8776081187972,-87.6738811384656,1769,929,840,1381,714,667,3150
"KA1503000005","Wentworth Ave & 35th St",41.8307916094785,-87.6324914870661,1646,858,788,1430,754,676,3076
"KA1504000101","Ogden Ave & Roosevelt Rd",41.8665102784272,-87.6846328668638,1489,868,621,1382,795,587,2871
"RP-005","Western Ave & Lunt Ave",42.008579893595,-87.6904644301917,1288,873,415,1519,976,543,2807
"661","Evanston Civic Center",42.0570403148957,-87.6865610846244,1440,608,832,1348,584,764,2788
"20252.0","W Oakdale Ave & N Broadway",41.94,-87.64,1481,659,822,1189,511,678,2670
"15615","Christiana Ave & Lawrence Ave",41.9683455045817,-87.7117996318773,1269,682,587,1373,641,732,2642
"15542","Clinton St & Polk St",41.8714777981363,-87.6409395461224,1318,714,604,1311,772,539,2629
"E006","Central St Metra",42.0636660640051,-87.6987082283887,1290,718,572,1315,762,553,2605
"13096","California Ave & 21st St",41.8537965966558,-87.6957336197779,1212,670,542,1370,794,576,2582
"KA1503000029","South Shore Dr & 67th St",41.7737771292444,-87.5675848567783,1284,508,776,1243,464,779,2527
"KA1503000040","Loomis St & Archer Ave",41.8416458413205,-87.6574208071086,1221,773,448,1276,773,503,2497
"13420","MLK Jr Dr & Pershing Rd",41.8246317702341,-87.6167537224771,1201,510,691,1233,509,724,2434
"KA1504000139","Monticello Ave & Irving Park Rd",41.9539863313912,-87.7190741973704,1139,505,634,1276,570,706,2415
"KA1504000097","Drake Ave & Montrose Ave",41.9611046076044,-87.7165228318226,1198,789,409,1211,709,502,2409
"KA1504000129","Western Ave & Granville Ave",41.9941594905671,-87.6894191599196,1052,487,565,1340,691,649,2392
"KA1503000069","Dorchester Ave & 49th St",41.8058351885477,-87.5924721737709,1216,681,535,1149,647,502,2365
"13165","Racine Ave & 13th St",41.8650511511154,-87.656964030631,1146,524,622,1212,558,654,2358
"13080","Hermitage Ave & Polk St",41.8715172817984,-87.6698902348233,1286,983,303,1067,901,166,2353
"15624","Avondale Ave & Irving Park Rd",41.9533862254028,-87.7319687535404,1219,504,715,1097,536,561,2316
"RP-001","Warren Park West",42.0017661143564,-87.6888075238026,1092,395,697,1216,453,763,2308
"TA1308000014","Normal Ave & Archer Ave",41.8495306040531,-87.6405864522216,1181,865,316,1073,699,374,2254
"KA1504000109","Washtenaw Ave & Ogden Ave",41.8619434257022,-87.6934222285042,1136,673,463,1117,706,411,2253
"KA1504000126","Kedzie Ave & Leland Ave",41.9666742381105,-87.7079903339465,1074,501,573,1162,580,582,2236
"E007","Central St & Girard Ave",42.0643040877747,-87.6861452571622,1088,542,546,1131,687,444,2219
"KA1504000128","Kedzie Ave & Foster Ave",41.9756637697619,-87.709235793666,1081,548,533,1120,557,563,2201
"18016","Bernard St & Elston Ave",41.9499073319012,-87.713879399299,1070,582,488,1095,648,447,2165
"TA1309000053","Cottage Grove Ave & 47th St",41.8098807252205,-87.6067605294643,1051,468,583,1097,463,634,2148
"15446","Racine Ave & 35th St",41.8307201051428,-87.6560245031687,1041,570,471,1104,611,493,2145
"15652","Central Park Ave & North Ave",41.9096530086285,-87.7165895438645,1024,287,737,1116,250,866,2140
"TA1309000067","Cottage Grove Ave & 51st St",41.8030701224061,-87.6066058390836,1079,437,642,1056,426,630,2135
"KA1504000096","Sawyer Ave & Irving Park Rd",41.9535902352172,-87.7092906413065,974,436,538,1088,493,595,2062
"15442","Ashland Ave & Archer Ave",41.839207666062,-87.6656153864254,1035,582,453,1003,536,467,2038
"TA1307000160","Prairie Ave & Garfield Blvd",41.7948524145657,-87.6187059911508,1116,523,593,903,363,540,2019
"599","Valli Produce - Evanston Plaza",42.0397167109391,-87.6994153040895,1005,474,531,954,536,418,1959
"517","Clark St & Jarvis Ave",42.01590538344,-87.6749664606105,1043,748,295,893,603,290,1936
"598","Elmwood Ave & Austin St",42.0257765151717,-87.6841004954624,951,666,285,976,650,326,1927
"15585","Budlong Woods Library",41.9836711831902,-87.6964138762887,920,457,463,998,448,550,1918
"KA1503000027","Prairie Ave & 43rd St",41.8166667251675,-87.6194081867641,938,308,630,931,325,606,1869
"KA1504000155","2112 W Peterson Ave",41.9911709025171,-87.6835831595086,861,520,341,984,574,410,1845
"RP-002","Warren Park East",42.0045516033632,-87.6806489162331,884,479,405,959,512,447,1843
"KA1504000167","Kedzie Ave & Bryn Mawr Ave",41.9820150555431,-87.7089398912804,891,468,423,950,523,427,1841
"15470","Calumet Ave & 51st St",41.8022787927313,-87.6180545243629,931,263,668,857,248,609,1788
"16010","Keystone Ave & Fullerton Ave",41.9245876134506,-87.7278474764505,724,232,492,1054,300,754,1778
"16806","Bosworth Ave & Howard St",42.0195349809931,-87.6695509272725,895,577,318,819,556,263,1714
"TA1309000003","Western Ave & 24th St",41.8484756744847,-87.6850992633186,775,497,278,879,510,369,1654
"TA1308000007","MLK Jr Dr & 47th St",41.809920959342,-87.6162948198223,826,198,628,824,209,615,1650
"KA1503000046","Dorchester Ave & 63rd St",41.7804106669277,-87.59142344833,772,238,534,869,237,632,1641
"RP-007","Clark St & Touhy Ave",42.012562696698,-87.6743295299701,889,599,290,722,426,296,1611
"13213","State St & 29th St",41.841716635047,-87.6269419493411,739,381,358,827,421,406,1566
"KA1504000142","Drake Ave & Addison St",41.9473150364834,-87.7175292949226,800,406,394,765,366,399,1565
"KA1503000054","Cottage Grove Ave & 63rd St",41.7806052623397,-87.6058295635313,753,274,479,789,249,540,1542
"E014","Lincolnwood Dr & Central St",42.0649022813962,-87.715336341816,723,486,237,814,501,313,1537
"15666","California Ave & Lake St",41.8844536655646,-87.6962007384709,803,381,422,723,365,358,1526
"518","Conservatory Dr & Lake St",41.8855021865509,-87.7168488806886,743,253,490,782,280,502,1525
"KA1503000075","DuSable Museum",41.7915596668853,-87.6078540406566,777,374,403,742,478,264,1519
"KA1504000114","Kedzie Ave & Chicago Ave",41.895463383789,-87.7061390708461,665,313,352,838,361,477,1503
"527","Western Ave & Howard St",42.0188656703889,-87.6900158778216,729,344,385,766,378,388,1495
"15689","California Ave & 23rd Pl",41.8491212660041,-87.6951479885983,779,569,210,715,488,227,1494
"KA1504000161","St. Louis Ave & Balmoral Ave",41.9803569138584,-87.7160859114494,775,385,390,711,343,368,1486
"KA1504000164","Keystone Ave & Montrose Ave",41.961094635765,-87.7289279907836,686,318,368,799,372,427,1485
"TA1308000023","Cottage Grove Ave & 43rd St",41.8164981027348,-87.606582955396,754,322,432,713,326,387,1467
"20.0","Damen Ave & Wabansia Ave",41.91,-87.68,712,349,363,744,342,402,1456
"KA1503000068","Leavitt St & Archer Ave",41.8287847936774,-87.6805686009607,743,433,310,702,374,328,1445
"16991","Milwaukee Ave & Cuyler Ave",41.9544690363401,-87.7495261990741,660,386,274,774,393,381,1434
"600","Dodge Ave & Church St",42.0483087064376,-87.6982484130448,728,442,286,699,416,283,1427
"RP-006","Ridge Blvd & Touhy Ave",42.0121259023343,-87.6829126277572,636,312,324,705,390,315,1341
"514","Ridge Blvd & Howard St",42.0192735754581,-87.6845157764855,723,443,280,609,344,265,1332
"KA1503000066","Wood St & 35th St",41.830113496425,-87.6703030371191,621,315,306,711,290,421,1332
"20254.0","W Armitage Ave & N Sheffield Ave",41.92,-87.65,721,381,340,608,307,301,1329
"KA1504000106","Kedzie Ave & Lake St",41.8845947889536,-87.7062602241817,618,241,377,664,228,436,1282
"KA1504000130","Maplewood Ave & Peterson Ave",41.9902348258079,-87.6933737109012,565,230,335,690,262,428,1255
"KA1503000030","Jeffery Blvd & 67th St",41.773535236828,-87.577160847407,673,184,489,567,136,431,1240
"TA1307000161","Halsted St & 37th St",41.8270750491264,-87.6457168515052,576,308,268,661,339,322,1237
"KA1706005015","Kildare Ave & Montrose Ave",41.9610773326034,-87.7356876546368,603,311,292,628,316,312,1231
"KA1503000051","Halsted St & 47th Pl",41.8081905309019,-87.645635978641,610,359,251,617,371,246,1227
"TA1307000066","Damen Ave & Coulter St",41.8492059964717,-87.6756439102462,561,316,245,640,298,342,1201
"16920","Central Ave & Chicago Ave",41.8949507096808,-87.7649110278047,557,422,135,577,424,153,1134
"RP-004","Oakley Ave & Touhy Ave",42.0123403759297,-87.6882441045851,514,224,290,618,279,339,1132
"KA1504000102","Fairfield Ave & Roosevelt Rd",41.8666408859828,-87.6944799171965,527,279,248,583,304,279,1110
"KA1503000032","Union Ave & Root St",41.8191349171538,-87.6432809622943,519,305,214,555,358,197,1074
"662","Dodge Ave & Mulford St",42.0235137015101,-87.6996069251407,490,235,255,580,261,319,1070
"20256.0","N Sheffield Ave & W Wellington Ave",41.94,-87.65,541,235,306,523,199,324,1064
"16906","Austin Blvd & Lake St",41.8879173724363,-87.7744210225194,466,135,331,593,249,344,1059
"202480.0","Hampden Ct & Diversey Ave",41.93,-87.64,452,283,169,576,353,223,1028
"13083","Indiana Ave & 40th St",41.8216814542705,-87.6215398730551,551,298,253,470,256,214,1021
"KA1503000020","South Shore Dr & 74th St",41.762361234041,-87.5593419789169,508,182,326,491,181,310,999
"18022","Archer (Damen) Ave & 37th St",41.8267137561672,-87.6831474362709,467,191,276,521,201,320,988
"653","Cornell Dr & Hayes Dr",41.7805927928676,-87.5848699840635,511,144,367,467,108,359,978
"KA1503000021","Stony Island Ave & 64th St",41.7788782819396,-87.5866520180804,469,108,361,502,130,372,971
"15685","Central Park Ave & Ogden Ave",41.8540223458224,-87.7151100596764,516,212,304,450,172,278,966
"592","Knox Ave & Montrose Ave",41.9606091573,-87.7452601854726,444,218,226,519,247,272,963
"KA1503000033","Eberhart Ave & 61st St",41.7842732111253,-87.6132890268636,432,78,354,512,132,380,944
"546","Damen Ave & Pershing Rd",41.823192663946,-87.6766073110019,454,202,252,486,236,250,940
"20106","Chicago State University",41.7189691380771,-87.6083255643479,458,232,226,454,227,227,912
"KA1504000141","Pulaski Rd & Eddy St (Temp)",41.9462432256653,-87.7309042486735,447,158,289,462,165,297,909
"519","Wolcott Ave & Fargo Ave",42.0169696587158,-87.6777284283064,456,203,253,410,188,222,866
"E011","Dodge Ave & Main St",42.0346945308376,-87.6991748536508,417,195,222,431,204,227,848
"KA1503000045","Stony Island Ave & 71st St",41.7664972653157,-87.5864652610252,348,45,303,419,49,370,767
"20224","Calumet Park",41.7137318414891,-87.5308057982868,379,43,336,370,44,326,749
"KA1504000113","Sacramento Blvd & Franklin Blvd",41.8904868915972,-87.702619201449,366,228,138,374,230,144,740
"KA1503000023","Stony Island Ave & 67th St",41.7734577805754,-87.5853296784543,379,76,303,350,57,293,729
"KA1503000053","MLK Jr Dr & 63rd St",41.7800962608213,-87.6159364760485,328,141,187,386,171,215,714
"KA1503000018","Jeffery Blvd & 71st St",41.7666393975397,-87.5764493805398,338,71,267,373,72,301,711
"590","Kilbourn Ave & Irving Park Rd",41.9537453586264,-87.7405360891977,352,186,166,358,157,201,710
"20104","State St & 95th St",41.7217655413922,-87.622839063471,383,75,308,323,76,247,706
"KA1503000009","Princeton Ave & 47th St",41.8093197598608,-87.633458705462,364,113,251,340,123,217,704
"20257.0","N Southport Ave & W Newport Ave",41.94,-87.66,339,148,191,361,141,220,700
"KA1503000073","MLK Jr Dr & 56th St",41.7934440338077,-87.6158732971939,390,149,241,310,102,208,700
"16994","Kilbourn Ave & Milwaukee Ave",41.9475810623169,-87.7400040296317,292,131,161,386,167,219,678
"16932","Ashland Ave & Pershing Rd",41.8234612524905,-87.6655817492308,331,194,137,344,215,129,675
"KA1503000019","Stony Island Ave & 75th St",41.7586696743601,-87.5868899434232,314,122,192,339,149,190,653
"Hubbard Bike-checking (LBS-WH-TEST)","Base - 2132 W Hubbard Warehouse",41.890002470428,-87.680470487158,178,168,10,464,231,233,642
"549","Marshfield Ave & 44th St",41.8140767375723,-87.6664718445189,281,208,73,345,214,131,626
"15682","Kedzie Ave & Roosevelt Rd",41.8665268656333,-87.7064207349118,256,41,215,362,42,320,618
"15686","Kedzie Ave & 21st St",41.8535338707938,-87.7050709502564,294,86,208,318,81,237,612
"594","Western Blvd & 48th Pl",41.8056701644743,-87.6833841057304,288,69,219,319,77,242,607
"KA1504000110","Millard Ave & 26th St",41.8445490324781,-87.7159352884819,239,69,170,361,94,267,600
"16937","Ashland Ave & McDowell Ave",41.808915448068,-87.6645123301559,294,155,139,294,125,169,588
"579","Phillips Ave & 79th St",41.7518239670515,-87.5652113063935,280,92,188,307,89,218,587
"15692","California Ave & 26th St",41.8442227389638,-87.6949806341956,283,172,111,286,180,106,569
"KA1503000013","Princeton Ave & Garfield Blvd",41.7949766208587,-87.6331160989867,307,114,193,254,88,166,561
"20232","Big Marsh Park",41.685906266447,-87.5737351278694,279,64,215,279,63,216,558
"15449","State St & Pershing Rd",41.8230271531712,-87.626572715787,279,175,104,270,144,126,549
"16918","Austin Blvd & Madison St",41.8802808722964,-87.7742042594217,279,106,173,267,117,150,546
"16905","Central Ave & Lake St",41.887667057347,-87.7654640884049,268,61,207,269,84,185,537
"KA1504000091","Hoyne Ave & 47th St",41.8082278379644,-87.6771885561659,265,95,170,272,137,135,537
"KA1503000031","Cottage Grove Ave & 67th St",41.7738012168964,-87.6056111882163,257,53,204,274,57,217,531
"16921","Austin Blvd & Chicago Ave",41.8948826434222,-87.7746455693394,256,106,150,270,86,184,526
"KA1503000049","Rainbow Beach",41.7579065488862,-87.5494451536895,255,63,192,264,68,196,519
"16907","Central Park Blvd & 5th Ave",41.8757292030502,-87.7153903825793,248,97,151,264,83,181,512
"20251.0","N Carpenter St & W Lake St",41.89,-87.65,272,180,92,231,131,100,503
"15691","Albany Ave & 26th St",41.8444839607632,-87.7020199217549,256,110,146,246,110,136,502
"595","Wabash Ave & 87th St",41.7366370946292,-87.6226330247791,268,39,229,232,31,201,500
"16933","Morgan St & Pershing Rd",41.8236199186934,-87.650926221384,190,97,93,282,198,84,472
"573","State St & 79th St",41.7507925967566,-87.6244321294666,275,65,210,192,36,156,467
"20103","Prospect Sq & 91st St",41.7281546026487,-87.6675556486354,220,44,176,243,41,202,463
"16916","Central Ave & Madison St",41.8801233205051,-87.7632351796566,219,136,83,240,155,85,459
"20203","Lawndale Ave & 111th St",41.6913427572704,-87.7128409586139,222,14,208,221,16,205,443
"528","Pulaski Rd & Lake St",41.8853907056357,-87.7264946684829,195,78,117,240,90,150,435
"20238","Greenwood Ave & 97th St",41.7187213965266,-87.5970029403854,214,15,199,212,15,197,426
"20222","Burnham Greenway & 105th St",41.7045625727816,-87.5282862977487,202,38,164,219,37,182,421
"585","Cottage Grove Ave & 83rd St",41.7434432908333,-87.6048440508333,200,58,142,200,49,151,400
"20108","Hale Ave & 107th St",41.6992251055293,-87.6689608109311,196,52,144,190,53,137,386
"580","Exchange Ave & 79th St",41.7517283638457,-87.5528081592207,192,81,111,193,71,122,385
"KA1503000024","Yates Blvd & 75th St",41.7587653298246,-87.5664395377193,190,39,151,190,30,160,380
"KA1503000025","Wentworth Ave & 63rd St",41.7800737685097,-87.6297482684732,216,66,150,161,58,103,377
"KA1503000028","Jeffery Blvd & 76th St",41.7571255795072,-87.5759151862972,182,23,159,195,42,153,377
"20116","Dauphin Ave & 87th St",41.7365821532253,-87.6012648953909,204,21,183,171,25,146,375
"583","Stony Island Ave & 82nd St",41.7465605418519,-87.5859976310978,197,78,119,177,62,115,374
"20229","Baltimore Ave & 87th St",41.7373870553644,-87.5484540322481,168,44,124,201,56,145,369
"20107","Walden Pkwy & 100th St",41.7121829435016,-87.6677293160378,185,24,161,177,26,151,362
"15687","Central Park Ave & 24th St",41.8481521487582,-87.7150046929001,146,33,113,205,48,157,351
"646","State St & 54th St",41.7966364012762,-87.6259228460731,197,57,140,154,47,107,351
"KA1503000047","Perry Ave & 69th St",41.7692661614082,-87.6281554539959,183,31,152,165,38,127,348
"KA1503000055","Halsted St & 63rd St",41.7793882459423,-87.6446302403024,191,64,127,156,50,106,347
"584","Ellis Ave & 83rd St",41.7441215110705,-87.5990555778788,170,11,159,173,9,164,343
"20210","State St & 123rd St",41.6706897149306,-87.6227397714077,164,5,159,178,9,169,342
"KA1504000086","Kedzie Ave & 24th St",41.8481958523805,-87.7054020555715,170,55,115,171,42,129,341
"KA1504000082","Kedzie Ave & Harrison St",41.8736077697151,-87.7048739356306,165,44,121,169,39,130,334
"20110","Eberhart Ave & 91st St",41.7293928697111,-87.610757754376,171,34,137,160,32,128,331
"20247.0","W Washington Blvd & N Peoria St",41.88,-87.65,156,89,67,173,97,76,329
"20205","Western Ave & 111th St",41.6912057096821,-87.6813120137815,164,10,154,152,13,139,316
"20236","Stony Island Ave & 90th St",41.7314698973778,-87.5857834982208,141,50,91,171,43,128,312
"576","Greenwood Ave & 79th St",41.7512923208491,-87.597524737348,150,31,119,159,23,136,309
"20121","Loomis Blvd & 84th St",41.7415071607198,-87.6584095076454,157,38,119,151,38,113,308
"16915","Central Ave & Harrison St",41.8729768535927,-87.7643404906563,139,41,98,164,50,114,303
"540","Laramie Ave & Madison St",41.8802153250552,-87.7553458344371,151,59,92,151,49,102,302
"574","Vernon Ave & 79th St",41.7509434329469,-87.6137576688951,168,28,140,134,35,99,302
"20131","Cottage Grove Ave & 111th Pl",41.6916927799982,-87.6099989759959,148,29,119,151,24,127,299
"20230","Clyde Ave & 87th St",41.7371570992332,-87.5727316575552,144,40,104,154,35,119,298
"398","Long & Irving Park",41.95,-87.76,148,59,89,146,53,93,294
"577","Stony Island Ave & South Chicago Ave",41.7511648625217,-87.5853433299948,153,30,123,139,28,111,292
"575","Cottage Grove Ave & 78th St",41.7531764344038,-87.6050234678349,152,23,129,139,28,111,291
"20207","Major Taylor Trail & 115th St",41.6849579340914,-87.6452976381588,131,22,109,147,23,124,278
"561","Damen Ave & 59th St",41.785716702696,-87.6740978886967,113,16,97,165,20,145,278
"20119","Elizabeth St & 92nd St",41.7268082281194,-87.6542997922784,134,4,130,141,5,136,275
"535","Pulaski Rd & Congress Pkwy",41.874310034,-87.7257285181111,125,13,112,150,31,119,275
"20253.0","N Paulina St & Lincoln Ave",41.94,-87.67,122,67,55,151,82,69,273
"16903","Cicero Ave & Lake St",41.8868970388207,-87.7452874424471,145,22,123,127,23,104,272
"20123","Western Ave & 104th St",41.7046019654976,-87.6811698975303,134,13,121,138,18,120,272
"20206","Homewood Ave & 115th St",41.6845902660773,-87.6707827876943,138,20,118,133,19,114,271
"571","Vernon Ave & 75th St",41.7584663129797,-87.6140128228817,126,18,108,142,17,125,268
"16948","Ashland Ave & 63rd St",41.7793749940456,-87.6647471736322,129,44,85,138,57,81,267
"20231","East End Ave & 87th St",41.7369622951565,-87.5827806924738,134,56,78,131,61,70,265
"20239","Marquette Ave & 89th St",41.7336725819517,-87.5583639299331,121,11,110,144,10,134,265
"545","Kostner Ave & Adams St",41.8779216584984,-87.7357734238875,129,53,76,135,46,89,264
"KA1503000003","Cottage Grove Ave & 71st St",41.7657194093632,-87.6049692836515,146,11,135,118,10,108,264
"530","Laramie Ave & Kinzie St",41.8878150027188,-87.7552560588299,150,30,120,113,23,90,263
"20120","Stewart Ave & 83rd St",41.7437162379918,-87.6340898566463,150,13,137,109,9,100,259
"20213","Commercial Ave & 130th St",41.6593743067597,-87.5508143818525,132,14,118,125,17,108,257
"20118","Eggleston Ave & 92nd St",41.7276069491667,-87.6348682462182,131,19,112,125,17,108,256
"570","Evans Ave & 75th St",41.7587426122495,-87.6063831681466,122,32,90,132,12,120,254
"642","Latrobe Ave & Chicago Ave",41.8947399725524,-87.7568941713869,110,25,85,143,27,116,253
"649","Stewart Ave & 63rd St",41.7798417972112,-87.6347742960811,124,35,89,129,17,112,253
"KA1503000001","Shields Ave & 43rd St",41.8162037389779,-87.6347715489196,122,34,88,130,34,96,252
"16940","Ashland Ave & 50th St",41.8030238008159,-87.6646982840326,130,25,105,110,20,90,240
"559","Racine Ave & Garfield Blvd",41.7942318398055,-87.6550792694516,109,17,92,131,17,114,240
"20242","Houston Ave & 92nd St",41.7281996196901,-87.5496555008372,98,23,75,136,27,109,234
"650","Eggleston Ave & 69th St",41.768901580661,-87.6358735682776,123,20,103,108,23,85,231
"KA1504000168","Western Ave & 28th St",41.8415249886115,-87.6851333779957,128,74,54,100,54,46,228
"312","Lockwood Ave & Wrightwood Ave",41.93,-87.76,104,28,76,121,42,79,225
"TA1309000051","Commercial Ave & 83rd St",41.7445895289113,-87.5511155744018,108,26,82,113,30,83,221
"534","Karlov Ave & Madison St",41.8808511878797,-87.7278173957943,103,19,84,114,20,94,217
"20105","Halsted St & 96th St",41.7197185153984,-87.6429530128081,102,36,66,113,41,72,215
"KA1503000010","Halsted St & 51st St",41.801810552922,-87.6452202743179,96,44,52,113,39,74,209
"20245","Ashland Ave & 74th St",41.7592136736643,-87.6634788460998,99,20,79,109,42,67,208
"567","May St & 69th St",41.7689444107788,-87.6529268563706,99,34,65,106,19,87,205
"20112","Indiana Ave & 103rd St",41.7071708827932,-87.6184366503143,101,17,84,100,20,80,201
"428","Milwaukee Ave & Fullerton Ave",41.92,-87.7,99,54,45,101,63,38,200
"588","South Chicago Ave & 83rd St",41.7439185624646,-87.5752201432393,101,18,83,99,17,82,200
"20226","Oglesby Ave & 100th St",41.713375404326,-87.5658525484101,94,13,81,103,12,91,197
"20227","Bradley Park",41.7179949283891,-87.564397004484,109,13,96,88,12,76,197
"360","Kilbourn & Roscoe",41.94,-87.74,96,47,49,98,48,50,194
"20208","Major Taylor Trail & 124th St",41.6688265499886,-87.6372184254188,95,10,85,97,5,92,192
"16943","Ashland Ave & Garfield Blvd",41.7929280458245,-87.6644291290744,101,15,86,89,5,84,190
"20223","Ewing Ave & Burnham Greenway",41.7127323058737,-87.5347433479018,92,37,55,97,35,62,189
"20244","Halsted St & 73rd St",41.7616218121658,-87.6441286107678,79,5,74,110,12,98,189
"20113","Dauphin Ave & 103rd St",41.7072616249599,-87.6076668108957,95,13,82,92,10,82,187
"20124","Vincennes Ave & 104th St",41.7049401866029,-87.6569804021448,95,29,66,90,35,55,185
"16913","Cicero Ave & Quincy St",41.8776186453721,-87.7454110549949,75,7,68,109,9,100,184
"651","Michigan Ave & 71st St",41.7652823586957,-87.6217430923913,92,19,73,92,13,79,184
"20234","Ashland Ave & 78th St",41.752217242334,-87.6637383512991,86,34,52,96,13,83,182
"554","Damen Ave & 51st St",41.8009124687754,-87.6746787546206,89,13,76,92,14,78,181
"20214","Avenue O & 134th St",41.6520897993973,-87.5395785957126,93,9,84,86,6,80,179
"20218","Avenue O & 118th St",41.6810204233567,-87.5379594681536,82,11,71,95,12,83,177
"20101","Summit Ave & 86th St",41.7378517353359,-87.6448973735399,81,10,71,94,10,84,175
"20109","Vernon Ave & 107th St",41.7001524614643,-87.6122872215254,83,1,82,92,1,91,175
"582","Phillips Ave & 83rd St",41.7445317242167,-87.5650663428108,89,10,79,82,8,74,171
"20127","Halsted St & 111th St",41.6922685304064,-87.6426449807682,81,16,65,89,16,73,170
"537","Kenton Ave & Madison St",41.8806955938877,-87.7409941519124,85,11,74,81,11,70,166
"DIVVY 001","WEST CHI-WATSON",41.8947389039011,-87.7308731696778,82,1,81,83,2,81,165
"16950","Ashland Ave & 66th St",41.7740814340679,-87.6637925201874,70,14,56,94,16,78,164
"201022","Loomis St & 89th St",41.7324478186782,-87.6580386041011,76,3,73,88,3,85,164
"20204","Kedzie Ave & 110th St",41.6923906760006,-87.700959117204,82,14,68,81,8,73,163
"553","Elizabeth St & 47th St",41.8083972830849,-87.6565305339757,82,26,56,81,17,64,163
"314","Narragansett & Wrightwood",41.93,-87.79,70,20,50,92,19,73,162
"20125","Halsted St & 104th St",41.705161646094,-87.6424227847849,76,8,68,85,7,78,161
"20233","Halsted St & 78th St",41.7525023161038,-87.6438282923011,84,11,73,77,12,65,161
"16970","Bennett Ave & 79th St",41.7517961011905,-87.5785032510691,82,19,63,77,15,62,159
"652","Rhodes Ave & 71st St",41.7660034476611,-87.611727541733,73,8,65,86,8,78,159
"KA1503000011","Halsted St & 56th St",41.7929458834485,-87.6449944790665,87,21,66,71,13,58,158
"20228","Constance Ave & 95th St",41.7222328181891,-87.5789689985699,76,10,66,81,7,74,157
"351","Mulligan Ave & Wellington Ave",41.93,-87.78,68,22,46,89,35,54,157
"16953","Vincennes Ave & 75th St",41.7579669526316,-87.6312051570175,61,5,56,95,7,88,156
"316","Lamon Ave & Belmont Ave",41.94,-87.75,63,31,32,92,42,50,155
"20130","Wentworth Ave & 104th St",41.7053387178713,-87.6290583969153,75,12,63,79,9,70,154
"317","Long Ave & Belmont Ave",41.94,-87.76,86,42,44,68,32,36,154
"321","Kostner Ave & Wrightwood Ave",41.93,-87.74,83,21,62,70,19,51,153
"536","Kostner Ave & Lake St",41.8859323835121,-87.7353980288473,79,10,69,72,8,64,151
"15599","Calumet Ave & 71st St",41.7655093101131,-87.6169210953162,74,13,61,76,15,61,150
"20237","Yates Blvd & 93rd St",41.7261811024249,-87.5662858175269,80,18,62,70,23,47,150
"20211","Eberhart Ave & 131st St",41.658138880092,-87.6107530272651,73,5,68,76,8,68,149
"16912","Cicero Ave & Flournoy St",41.8721307174603,-87.7466329247253,78,33,45,70,23,47,148
"20243","Michigan Ave & 114th St",41.6870336231588,-87.6210791868345,76,7,69,71,4,67,147
"359","Kilbourn & Belden",41.92,-87.74,69,29,40,75,28,47,144
"557","Seeley Ave & Garfield Blvd",41.7940968884094,-87.6754892142196,63,23,40,80,19,61,143
"556","Throop St & 52nd St",41.7996910046186,-87.657178995315,76,10,66,66,9,57,142
"586","MLK Jr Dr & 83rd St",41.743113278379,-87.6148034254449,63,16,47,77,23,54,140
"358","Kilpatrick Ave & Parker Ave",41.93,-87.74,62,26,36,77,32,45,139
"15597","Halsted St & 69th St",41.7690593808916,-87.6446147808158,74,15,59,63,17,46,137
"324","Meade Ave & Addison St",41.95,-87.78,69,28,41,66,28,38,135
"318","Oak Park & Wellington",41.93,-87.8,69,19,50,65,19,46,134
"543","Laramie Ave & Gladys Ave",41.8758112781237,-87.7552911548433,63,17,46,65,7,58,128
"20215","Hegewisch Metra Station",41.6485427391389,-87.5461587481951,62,16,46,62,13,49,124
"560","Marshfield Ave & 59th St",41.7868210845007,-87.6661970646322,53,16,37,66,21,45,119
"473","Mason Ave & Belmont Ave",41.94,-87.77,62,5,57,55,8,47,117
"378","Nordica & Medill",41.92,-87.8,60,26,34,56,25,31,116
"334.0","Lawndale Ave & 30th St",41.84,-87.72,58,2,56,54,1,53,112
"20212","Altgeld Gardens",41.6568130714003,-87.5988230381376,53,5,48,58,4,54,111
"20129","Ada St & 113th St",41.6875637859636,-87.6554198522287,55,11,44,54,13,41,109
"366.0","Spaulding Ave & 16th St",41.86,-87.71,61,8,53,48,5,43,109
"357","Lamon Ave & Armitage Ave",41.92,-87.75,48,6,42,60,10,50,108
"327","Plainfield & Irving Park",41.95,-87.83,51,1,50,56,1,55,107
"20235","Greenwood Ave & 91st St",41.7283509364179,-87.5972912898188,46,4,42,60,5,55,106
"397","Narragansett Ave & School St",41.94,-87.79,50,14,36,56,14,42,106
"472","Elston Ave & George St",41.93,-87.69,59,38,21,47,22,25,106
"587","Wabash Ave & 83rd St",41.7433198221154,-87.6228440285494,54,9,45,52,20,32,106
"435","Rockwell St & Fletcher St",41.94,-87.69,51,21,30,54,25,29,105
"445","Western Ave & Gunnison St",41.97,-87.69,50,31,19,55,42,13,105
"396","Central Ave & Roscoe St",41.94,-87.77,48,23,25,56,28,28,104
"569","Woodlawn Ave & 75th St",41.759167192966,-87.5957570091204,46,9,37,58,7,51,104
"436","Kedzie Ave & George St",41.93,-87.71,49,43,6,54,40,14,103
"434","Albany Ave & Belmont Ave",41.94,-87.71,47,35,12,48,34,14,95
"20202","W 103rd St & S Avers Ave",41.71,-87.72,49,7,42,45,4,41,94
"442","Lincoln Ave & Balmoral Ave",41.98,-87.69,36,30,6,58,52,6,94
"356","Lavergne & Fullerton",41.92,-87.75,48,20,28,45,14,31,93
"329.0","Central Park Ave & Douglas Blvd",41.86,-87.72,54,4,50,37,7,30,91
"562","Racine Ave & 61st St",41.7831871062896,-87.6543662785052,40,14,26,51,25,26,91
"353","Meade Ave & Diversey Ave",41.93,-87.78,43,8,35,47,13,34,90
"593","Halsted St & 59th St",41.7875481108974,-87.6448748609402,39,9,30,50,18,32,89
"20221","Torrence Ave & 106th St",41.70283402776,-87.5598155590093,49,1,48,38,1,37,87
"20225","Commercial Ave & 100th St",41.713315012988,-87.5511497902451,43,0,43,44,4,40,87
"355","Central Ave & Parker Ave",41.93,-87.77,39,5,34,48,8,40,87
"393","Oketo Ave & Addison St",41.942132728304,-87.81,41,0,41,43,1,42,84
"647","Elizabeth St & 59th St",41.7878310421618,-87.6554194865797,39,12,27,45,8,37,84
"564","Racine Ave & 65th St",41.7753979221491,-87.6543059197568,44,8,36,38,8,30,82
"20217","Torrence Ave & 126th Pl",41.6664019357073,-87.5568231464678,40,3,37,40,2,38,80
"323","Narragansett & Irving Park",41.95,-87.79,38,7,31,40,6,34,78
"368.0","Tripp Ave & 31st St",41.84,-87.73,40,3,37,35,2,33,75
"572","State St & 76th St",41.7569924833214,-87.6246136700144,34,8,26,41,9,32,75
"326","Harlem & Irving Park",41.95,-87.81,42,12,30,32,4,28,74
"313","Long Ave & Belden Ave",41.92,-87.76,38,13,25,35,12,23,73
"430","Troy St & Grace St",41.95,-87.71,41,25,16,32,20,12,73
"352","Sayre & Diversey",41.93,-87.8,38,6,32,34,2,32,72
"320","Orange & Addison",41.94,-87.82,36,3,33,34,2,32,70
"364.0","Homan Ave & Fillmore St",41.87,-87.71,47,5,42,23,2,21,70
"18025","Carpenter St & 63rd St",41.7798814480699,-87.6509015053615,34,6,28,32,9,23,66
"665","South Chicago Ave & Elliot Ave",41.7473519380091,-87.5800433813131,31,4,27,33,7,26,64
"384","Kedzie Ave & 52nd St",41.8,-87.7,30,11,19,33,14,19,63
"443","California Ave & Winona St",41.97,-87.7,26,20,6,37,34,3,63
"335.0","Komensky Ave & 31st St",41.84,-87.73,30,2,28,29,1,28,59
"331.0","Pulaski Rd & 21st St",41.85,-87.72,28,5,23,30,2,28,58
"433","Elston Ave & Henderson St",41.94,-87.7,30,15,15,27,7,20,57
"382","Kedzie Ave & 48th Pl",41.8,-87.7,29,2,27,27,3,24,56
"330.0","Keeler Ave & Roosevelt Rd",41.87,-87.73,36,9,27,19,2,17,55
"20249.0","N Clark St & W Elm St",41.9,-87.63,11,7,4,43,24,19,54
"310","North Ave & New England Ave",41.91,-87.8,24,9,15,30,12,18,54
"379","Rockwell St & Archer Ave",41.82,-87.69,26,9,17,26,9,17,52
"400","Lawler Ave & 50th St",41.8,-87.75,28,14,14,24,15,9,52
"305","Menard Ave & Division St",41.9,-87.77,23,1,22,28,4,24,51
"308","Major Ave & Bloomingdale Ave",41.91,-87.77,33,5,28,18,4,14,51
"20134","Maryland Ave & 104th St",41.71,-87.6,24,1,23,24,2,22,48
"21544","State St & Chicago Ave",41.8966447660057,-87.6285880153639,20,13,7,28,23,5,48
"441","Virginia Ave & Catalpa Ave",41.98,-87.7033928571429,20,15,5,28,13,15,48
"319","Roscoe & Harlem",41.94,-87.81,23,9,14,24,10,14,47
"343","Pulaski Rd & 51st St",41.8,-87.72,21,7,14,24,7,17,45
"361","Kenosha & Wellington",41.93,-87.73,20,6,14,24,2,22,44
"304","Lavergne Ave & Division St",41.9,-87.75,23,2,21,20,1,19,43
"322","Cicero Ave & Grace St",41.95,-87.75,21,7,14,22,5,17,43
"346","Kedzie Ave & 57th St",41.79,-87.7,19,3,16,23,2,21,42
"431","Western Ave & Grace St",41.95,-87.69,22,15,7,20,13,7,42
"386","Rockwell St & 57th St",41.79,-87.69,21,0,21,20,0,20,41
"425","Rockwell St & Cermak Rd",41.85,-87.69,19,4,15,22,9,13,41
"345","Artesian Ave & 55th St",41.79,-87.69,21,0,21,18,0,18,39
"325","Harlem Ave & Grace St",41.95,-87.81,22,4,18,16,1,15,38
"407","Tripp Ave & 65th St",41.77,-87.73,18,0,18,19,0,19,37
"471","Damen Ave & 33rd St",41.83,-87.68,17,8,9,20,9,11,37
"20201","Kedzie Ave & 104th St",41.7,-87.7,19,3,16,17,2,15,36
"20126","S Aberdeen St & W 106th St",41.7,-87.65,16,6,10,19,6,13,35
"301","Monticello Ave & Chicago Ave",41.9,-87.72,15,4,11,19,4,15,34
"303","Kildare Ave & Division St",41.9,-87.73,17,6,11,17,6,11,34
"332.0","Harding Ave & 26th St",41.84,-87.72,20,4,16,14,6,8,34
"377","Bloomingdale Ave & Harlem Ave",41.91,-87.81,21,5,16,13,6,7,34
"20260.0","Ping Tom Park (East)",41.86,-87.63,16,10,6,17,10,7,33
"339","Sacramento Ave & Pershing Rd",41.82,-87.7,20,4,16,12,3,9,32
"362.0","Lawndale Ave & 16th St",41.86,-87.72,16,1,15,16,3,13,32
"363.0","Tripp Ave & 15th St",41.86,-87.73,18,3,15,14,3,11,32
"20133","Woodlawn & 103rd - Olive Harvey Vaccination Site",41.71,-87.59,16,7,9,14,5,9,30
"341","Archer Ave & 43rd St",41.82,-87.7,15,4,11,15,1,14,30
"394","Panama Ave & Grace St",41.95,-87.83,17,1,16,13,1,12,30
"429","Francisco Ave & Bloomingdale Ave",41.91,-87.7,16,14,2,14,5,9,30
"432","Sacramento Blvd & Addison St",41.95,-87.7,13,7,6,16,8,8,29
"309","Narragansett & McLean",41.92,-87.79,16,3,13,12,4,8,28
"349","Spaulding Ave & 63rd St",41.78,-87.71,15,3,12,13,3,10,28
"370","Central Park & Augusta Blvd",41.9,-87.72,15,8,7,12,6,6,27
"371","Kildare Ave & Chicago Ave",41.9,-87.73,11,1,10,16,2,14,27
"452","Richmond St & Lincoln Ave",41.99,-87.7,13,11,2,14,9,5,27
"337","Hoyne Ave & 34th St",41.83,-87.68,17,6,11,9,3,6,26
"388","Richmond St & 59th St",41.79,-87.7,15,1,14,11,0,11,26
"475","Whipple/Irving Park",41.95,-87.7,12,2,10,14,3,11,26
"375","Long Ave & North Ave",41.91,-87.76,13,1,12,12,0,12,25
"344","Springfield Ave & 47th St",41.81,-87.72,9,5,4,14,3,11,23
"385","St Louis Ave & Norman Bobbins Ave",41.79,-87.71,11,0,11,12,0,12,23
"389","Maplewood Ave & 59th St",41.79,-87.69,11,1,10,12,0,12,23
"446","Francisco Ave & Montrose Ave",41.96,-87.7,11,6,5,12,4,8,23
"307","Leamington Ave & Hirsch St",41.91,-87.75,10,0,10,11,1,10,21
"399","Lavergne Ave & 46th St",41.81,-87.75,10,3,7,11,4,7,21
"402","Kenneth Ave & 50th St",41.8,-87.73,11,4,7,10,3,7,21
"418","Mozart St & Jackson Blvd",41.88,-87.7,11,9,2,10,10,0,21
"354","Parkside Ave & Armitage Ave",41.92,-87.77,14,0,14,6,0,6,20
"406","Kostner Ave & 63rd St",41.78,-87.73,11,1,10,8,2,6,19
"20220","Avenue L & 114th St",41.69,-87.54,8,1,7,10,1,9,18
"365.0","Kildare Ave & 26th St",41.84,-87.73,8,1,7,10,3,7,18
"20114","Doty Ave & 111th St",41.6950321272458,-87.5987317543411,9,1,8,8,2,6,17
"20255.0","N Damen Ave & W Chicago Ave",41.9,-87.68,11,6,5,6,3,3,17
"369","Central Park Ave & Ohio St",41.89,-87.72,11,0,11,6,0,6,17
"302","Lamon Ave & Chicago Ave",41.9,-87.75,6,0,6,10,0,10,16
"348","Western Ave & 62nd St",41.78,-87.68,10,4,6,6,4,2,16
"350","Hamlin Ave & 62nd Pl",41.78,-87.72,9,0,9,7,0,7,16
"338","California Ave & 36th St",41.83,-87.69,9,0,9,6,0,6,15
"347","Komensky Ave & 55th St",41.79,-87.72,8,0,8,7,0,7,15
"374","Kilpatrick Ave & Grand Ave",41.91,-87.74,10,2,8,5,1,4,15
"380","Fairfield Ave & 44th St",41.81,-87.69,12,1,11,2,0,2,14
"387","St Louis Ave & 59th St",41.79,-87.71,4,0,4,10,0,10,14
"404","Pulaski Rd & 60th St",41.78,-87.72,7,4,3,6,4,2,13
"414","Sacramento Blvd & Fulton Ave",41.89,-87.7,9,3,6,4,1,3,13
"20102","Loomis St & 89th St",41.7324352605596,-87.6580394095124,5,0,5,7,0,7,12
"424","Sacramento Ave & 25th St",41.85,-87.7,3,3,0,8,4,4,11
"376","Menard Ave & North Ave",41.91,-87.77,5,1,4,5,2,3,10
"403","Kildare Ave & 55th St",41.79,-87.73,5,0,5,5,0,5,10
"462","Lincoln Ave & Peterson Ave",41.99,-87.71,5,4,1,5,3,2,10
"415","Western Ave & Lake St",41.88,-87.69,6,1,5,3,1,2,9
"464","Western Ave & Ardmore Ave",41.99,-87.69,4,1,3,5,1,4,9
"20128","S Wentworth Ave & W 111th St",41.69,-87.63,4,0,4,4,0,4,8
"340","Pulaski & Ann Lurie Pl",41.82,-87.72,5,1,4,3,2,1,8
"DIVVY CASSETTE REPAIR MOBILE STATION","DIVVY CASSETTE REPAIR MOBILE STATION",41.8864605302254,-87.611564762085,4,0,4,4,0,4,8
"381","Francisco Ave & 47th St",41.81,-87.7,5,2,3,2,1,1,7
"383","Campbell Ave & 51st St",41.8,-87.69,2,0,2,5,0,5,7
"458","Washtenaw Ave & Peterson Ave",41.99,-87.7,4,1,3,3,1,2,7
"373","Augusta Blvd & Laramie Ave",41.9,-87.76,4,0,4,2,0,2,6
"390","California Ave & Marquette Rd",41.77,-87.69,4,0,4,2,0,2,6
"20209","S Michigan Ave & E 118th St",41.68,-87.62,5,2,3,0,0,0,5
"444","N Shore Channel Trail & Argyle Ave",41.97,-87.7,1,1,0,4,0,4,5
"419","Sacramento Blvd & Polk St",41.87,-87.7,1,1,0,3,1,2,4
"460","Francisco Ave & Hollywood Ave",41.98,-87.7,3,2,1,1,1,0,4
"466","California Ave & 29th St",41.84,-87.69,3,1,2,1,0,1,4
"401","Kildare Ave & 47th St",41.81,-87.73,3,0,3,0,0,0,3
"20240","Indiana Ave & 133rd St",41.65,-87.62,1,0,1,1,0,1,2
"20248.0","N Hampden Ct & W Diversey Ave",41.93,-87.64,1,1,0,1,0,1,2
"20258.0","N Damen Ave & W Wabansia St",41.91,-87.68,0,0,0,2,2,0,2
"416","Washtenaw Ave & Madison St",41.88,-87.69,2,1,1,0,0,0,2
"437","Whipple St & Irving Park Rd",41.95,-87.7,0,0,0,2,1,1,2
"Throop/Hastings Mobile Station","Throop/Hastings Mobile Station",41.8515584465,-87.6591342095,1,1,0,1,1,0,2
"20111","Olive Harvey College",41.709526,-87.590236,1,0,1,0,0,0,1
"20999","Lyft Driver Center Private Rack",41.9,-87.66,1,1,0,0,0,0,1
"420","Washtenaw Ave & Polk St",41.87,-87.69,0,0,0,1,0,1,1
